Time [s],Value,Parity Error,Framing Error
0.003409120000000, ,,
0.003504480000000,@,,
0.003599840000000,\xD5,,
0.003695200000000,\xC5,,
0.003790560000000,\xEB,,
0.003885920000000,\xD5,,
0.003981440000000,E,,
0.004076800000000,U,,
0.004172160000000,\xA8,,
0.004267520000000,\xC5,,
0.004362880000000,\xDC,,
0.004458400000000,\xD5,,
0.004553760000000,\xDC,,
0.004649120000000,U,,
0.004744480000000,\xDC,,
0.004839840000000,\xC5,,
0.004935200000000,\xDC,,
0.005030720000000,\xD5,,
0.005126080000000,\xDC,,
0.005221440000000,U,,
0.005316800000000,\xDC,,
0.005412160000000,\xC5,,
0.005507680000000,\xDC,,
0.005603040000000,\xD5,,
0.005698400000000,\xDC,,
0.005793760000000,U,,
0.005889120000000,\xDC,,
0.005984480000000,\x05,,
0.006080000000000,\xDC,,
0.006175360000000,\x05,,
0.006270720000000,\x94,,
0.006366080000000,\xEC,,
0.007408960000000, ,,
0.007504320000000,@,,
0.007599840000000,\xD5,,
0.007695200000000,\xC5,,
0.007790560000000,\xEB,,
0.007885920000000,\xD5,,
0.007981280000000,E,,
0.008076800000000,U,,
0.008172160000000,\xA8,,
0.008267520000000,\xC5,,
0.008362880000000,\xDC,,
0.008458240000000,\xD5,,
0.008553600000000,\xDC,,
0.008649120000000,U,,
0.008744480000000,\xDC,,
0.008839840000000,\xC5,,
0.008935200000000,\xDC,,
0.009030560000000,\xD5,,
0.009126080000000,\xDC,,
0.009221440000000,U,,
0.009316800000000,\xDC,,
0.009412160000000,\xC5,,
0.009507520000000,\xDC,,
0.009602880000000,\xD5,,
0.009698400000000,\xDC,,
0.009793760000000,U,,
0.009889120000000,\xDC,,
0.009984480000000,\x05,,
0.010079840000000,\xDC,,
0.010175360000000,\x05,,
0.010270720000000,\x94,,
0.010366080000000,\xEC,,
0.011408960000000, ,,
0.011504320000000,@,,
0.011599680000000,\xD5,,
0.011695200000000,\xC5,,
0.011790560000000,\xEB,,
0.011885920000000,\xD5,,
0.011981280000000,E,,
0.012076640000000,U,,
0.012172000000000,\xA8,,
0.012267520000000,\xC5,,
0.012362880000000,\xDC,,
0.012458240000000,\xD5,,
0.012553600000000,\xDC,,
0.012648960000000,U,,
0.012744480000000,\xDC,,
0.012839840000000,\xC5,,
0.012935200000000,\xDC,,
0.013030560000000,\xD5,,
0.013125920000000,\xDC,,
0.013221280000000,U,,
0.013316800000000,\xDC,,
0.013412160000000,\xC5,,
0.013507520000000,\xDC,,
0.013602880000000,\xD5,,
0.013698240000000,\xDC,,
0.013793760000000,U,,
0.013889120000000,\xDC,,
0.013984480000000,\x05,,
0.014079840000000,\xDC,,
0.014175200000000,\x05,,
0.014270560000000,\x94,,
0.014366080000000,\xEC,,
0.015408800000000, ,,
0.015504160000000,@,,
0.015599680000000,\xD5,,
0.015695040000000,\xC5,,
0.015790400000000,\xEB,,
0.015885760000000,\xD5,,
0.015981120000000,E,,
0.016076640000000,U,,
0.016172000000000,\xA8,,
0.016267360000000,\xC5,,
0.016362720000000,\xDC,,
0.016458080000000,\xD5,,
0.016553440000000,\xDC,,
0.016648960000000,U,,
0.016744320000000,\xDC,,
0.016839680000000,\xC5,,
0.016935040000000,\xDC,,
0.017030400000000,\xD5,,
0.017125920000000,\xDC,,
0.017221280000000,U,,
0.017316640000000,\xDC,,
0.017412000000000,\xC5,,
0.017507360000000,\xDC,,
0.017602720000000,\xD5,,
0.017698240000000,\xDC,,
0.017793600000000,U,,
0.017888960000000,\xDC,,
0.017984320000000,\x05,,
0.018079680000000,\xDC,,
0.018175040000000,\x05,,
0.018270560000000,\x94,,
0.018365920000000,\xEC,,
0.019408800000000, ,,
0.019504160000000,@,,
0.019599520000000,\xD5,,
0.019694880000000,\xC5,,
0.019790240000000,\xEB,,
0.019885760000000,\xD5,,
0.019981120000000,E,,
0.020076480000000,U,,
0.020171840000000,\xA8,,
0.020267200000000,\xC5,,
0.020362720000000,\xDC,,
0.020458080000000,\xD5,,
0.020553440000000,\xDC,,
0.020648800000000,U,,
0.020744160000000,\xDC,,
0.020839520000000,\xC5,,
0.020935040000000,\xDC,,
0.021030400000000,\xD5,,
0.021125760000000,\xDC,,
0.021221120000000,U,,
0.021316480000000,\xDC,,
0.021412000000000,\xC5,,
0.021507360000000,\xDC,,
0.021602720000000,\xD5,,
0.021698080000000,\xDC,,
0.021793440000000,U,,
0.021888800000000,\xDC,,
0.021984320000000,\x05,,
0.022079680000000,\xDC,,
0.022175040000000,\x05,,
0.022270400000000,\x94,,
0.022365760000000,\xEC,,
0.023418720000000, ,,
0.023514080000000,@,,
0.023609440000000,\xD5,,
0.023704800000000,\xC5,,
0.023800160000000,\xEB,,
0.023895680000000,\xD5,,
0.023991040000000,E,,
0.024086400000000,U,,
0.024181760000000,\xA8,,
0.024277120000000,\xC5,,
0.024372480000000,\xDC,,
0.024468000000000,\xD5,,
0.024563360000000,\xDC,,
0.024658720000000,U,,
0.024754080000000,\xDC,,
0.024849440000000,\xC5,,
0.024944960000000,\xDC,,
0.025040320000000,\xD5,,
0.025135680000000,\xDC,,
0.025231040000000,U,,
0.025326400000000,\xDC,,
0.025421760000000,\xC5,,
0.025517280000000,\xDC,,
0.025612640000000,\xD5,,
0.025708000000000,\xDC,,
0.025803360000000,U,,
0.025898720000000,\xDC,,
0.025994080000000,\x05,,
0.026089600000000,\xDC,,
0.026184960000000,\x05,,
0.026280320000000,\x94,,
0.026375680000000,\xEC,,
0.027408640000000, ,,
0.027504000000000,@,,
0.027599360000000,\xD5,,
0.027694880000000,\xC5,,
0.027790240000000,\xEB,,
0.027885600000000,\xD5,,
0.027980960000000,E,,
0.028076320000000,U,,
0.028171840000000,\xA8,,
0.028267200000000,\xC5,,
0.028362560000000,\xDC,,
0.028457920000000,\xD5,,
0.028553280000000,\xDC,,
0.028648640000000,U,,
0.028744160000000,\xDC,,
0.028839520000000,\xC5,,
0.028934880000000,\xDC,,
0.029030240000000,\xD5,,
0.029125600000000,\xDC,,
0.029221120000000,U,,
0.029316480000000,\xDC,,
0.029411840000000,\xC5,,
0.029507200000000,\xDC,,
0.029602560000000,\xD5,,
0.029697920000000,\xDC,,
0.029793440000000,U,,
0.029888800000000,\xDC,,
0.029984160000000,\x05,,
0.030079520000000,\xDC,,
0.030174880000000,\x05,,
0.030270240000000,\x94,,
0.030365760000000,\xEC,,
0.031408640000000, ,,
0.031504000000000,@,,
0.031599360000000,\xD5,,
0.031694720000000,\xC5,,
0.031790240000000,\xEB,,
0.031885600000000,\xD5,,
0.031980960000000,E,,
0.032076320000000,U,,
0.032171680000000,\xA8,,
0.032267040000000,\xC5,,
0.032362560000000,\xDC,,
0.032457920000000,\xD5,,
0.032553280000000,\xDC,,
0.032648640000000,U,,
0.032744000000000,\xDC,,
0.032839360000000,\xC5,,
0.032934880000000,\xDC,,
0.033030240000000,\xD5,,
0.033125600000000,\xDC,,
0.033220960000000,U,,
0.033316320000000,\xDC,,
0.033411840000000,\xC5,,
0.033507200000000,\xDC,,
0.033602560000000,\xD5,,
0.033697920000000,\xDC,,
0.033793280000000,U,,
0.033888640000000,\xDC,,
0.033984160000000,\x05,,
0.034079520000000,\xDC,,
0.034174880000000,\x05,,
0.034270240000000,\x94,,
0.034365600000000,\xEC,,
0.035409440000000, ,,
0.035504800000000,@,,
0.035600160000000,\xD5,,
0.035695520000000,\xC5,,
0.035790880000000,\xEB,,
0.035886400000000,\xD5,,
0.035981760000000,E,,
0.036077120000000,U,,
0.036172480000000,\xA8,,
0.036267840000000,\xC5,,
0.036363360000000,\xDC,,
0.036458720000000,\xD5,,
0.036554080000000,\xDC,,
0.036649440000000,U,,
0.036744800000000,\xDC,,
0.036840160000000,\xC5,,
0.036935680000000,\xDC,,
0.037031040000000,\xD5,,
0.037126400000000,\xDC,,
0.037221760000000,U,,
0.037317120000000,\xDC,,
0.037412640000000,\xC5,,
0.037508000000000,\xDC,,
0.037603360000000,\xD5,,
0.037698720000000,\xDC,,
0.037794080000000,U,,
0.037889440000000,\xDC,,
0.037984960000000,\x05,,
0.038080320000000,\xDC,,
0.038175680000000,\x05,,
0.038271040000000,\x94,,
0.038366400000000,\xEC,,
0.039408480000000, ,,
0.039503840000000,@,,
0.039599200000000,\xD5,,
0.039694560000000,\xC5,,
0.039789920000000,\xEB,,
0.039885440000000,\xD5,,
0.039980800000000,E,,
0.040076160000000,U,,
0.040171520000000,\xA8,,
0.040266880000000,\xC5,,
0.040362400000000,\xDC,,
0.040457760000000,\xD5,,
0.040553120000000,\xDC,,
0.040648480000000,U,,
0.040743840000000,\xDC,,
0.040839200000000,\xC5,,
0.040934720000000,\xDC,,
0.041030080000000,\xD5,,
0.041125440000000,\xDC,,
0.041220800000000,U,,
0.041316160000000,\xDC,,
0.041411680000000,\xC5,,
0.041507040000000,\xDC,,
0.041602400000000,\xD5,,
0.041697760000000,\xDC,,
0.041793120000000,U,,
0.041888480000000,\xDC,,
0.041984000000000,\x05,,
0.042079360000000,\xDC,,
0.042174720000000,\x05,,
0.042270080000000,\x94,,
0.042365440000000,\xEC,,
0.043408320000000, ,,
0.043503680000000,@,,
0.043599040000000,\xD5,,
0.043694560000000,\xC5,,
0.043789920000000,\xEB,,
0.043885280000000,\xD5,,
0.043980640000000,E,,
0.044076000000000,U,,
0.044171520000000,\xA8,,
0.044266880000000,\xC5,,
0.044362240000000,\xDC,,
0.044457600000000,\xD5,,
0.044552960000000,\xDC,,
0.044648320000000,U,,
0.044743840000000,\xDC,,
0.044839200000000,\xC5,,
0.044934560000000,\xDC,,
0.045029920000000,\xD5,,
0.045125280000000,\xDC,,
0.045220800000000,U,,
0.045316160000000,\xDC,,
0.045411520000000,\xC5,,
0.045506880000000,\xDC,,
0.045602240000000,\xD5,,
0.045697600000000,\xDC,,
0.045793120000000,U,,
0.045888480000000,\xDC,,
0.045983840000000,\x05,,
0.046079200000000,\xDC,,
0.046174560000000,\x05,,
0.046270080000000,\x94,,
0.046365440000000,\xEC,,
0.047408320000000, ,,
0.047503680000000,@,,
0.047599040000000,\xD5,,
0.047694400000000,\xC5,,
0.047789760000000,\xEB,,
0.047885280000000,\xD5,,
0.047980640000000,E,,
0.048076000000000,U,,
0.048171360000000,\xA8,,
0.048266720000000,\xC5,,
0.048362240000000,\xDC,,
0.048457600000000,\xD5,,
0.048552960000000,\xDC,,
0.048648320000000,U,,
0.048743680000000,\xDC,,
0.048839040000000,\xC5,,
0.048934560000000,\xDC,,
0.049029920000000,\xD5,,
0.049125280000000,\xDC,,
0.049220640000000,U,,
0.049316000000000,\xDC,,
0.049411520000000,\xC5,,
0.049506880000000,\xDC,,
0.049602240000000,\xD5,,
0.049697600000000,\xDC,,
0.049792960000000,U,,
0.049888320000000,\xDC,,
0.049983840000000,\x05,,
0.050079200000000,\xDC,,
0.050174560000000,\x05,,
0.050269920000000,\x94,,
0.050365280000000,\xEC,,
0.051408160000000, ,,
0.051503520000000,@,,
0.051599040000000,\xD5,,
0.051694400000000,\xC5,,
0.051789760000000,\xEB,,
0.051885120000000,\xD5,,
0.051980480000000,E,,
0.052075840000000,U,,
0.052171360000000,\xA8,,
0.052266720000000,\xC5,,
0.052362080000000,\xDC,,
0.052457440000000,\xD5,,
0.052552800000000,\xDC,,
0.052648320000000,U,,
0.052743680000000,\xDC,,
0.052839040000000,\xC5,,
0.052934400000000,\xDC,,
0.053029760000000,\xD5,,
0.053125120000000,\xDC,,
0.053220640000000,U,,
0.053316000000000,\xDC,,
0.053411360000000,\xC5,,
0.053506720000000,\xDC,,
0.053602080000000,\xD5,,
0.053697600000000,\xDC,,
0.053792960000000,U,,
0.053888320000000,\xDC,,
0.053983680000000,\x05,,
0.054079040000000,\xDC,,
0.054174400000000,\x05,,
0.054269920000000,\x94,,
0.054365280000000,\xEC,,
0.055408160000000, ,,
0.055503520000000,@,,
0.055599040000000,\xD5,,
0.055694400000000,\xC5,,
0.055789760000000,\xEB,,
0.055885120000000,\xD5,,
0.055980480000000,E,,
0.056075840000000,U,,
0.056171360000000,\xA8,,
0.056266720000000,\xC5,,
0.056362080000000,\xDC,,
0.056457440000000,\xD5,,
0.056552800000000,\xDC,,
0.056648320000000,U,,
0.056743680000000,\xDC,,
0.056839040000000,\xC5,,
0.056934400000000,\xDC,,
0.057029760000000,\xD5,,
0.057125120000000,\xDC,,
0.057220640000000,U,,
0.057316000000000,\xDC,,
0.057411360000000,\xC5,,
0.057506720000000,\xDC,,
0.057602080000000,\xD5,,
0.057697440000000,\xDC,,
0.057792960000000,U,,
0.057888320000000,\xDC,,
0.057983680000000,\x05,,
0.058079040000000,\xDC,,
0.058174400000000,\x05,,
0.058269920000000,\x94,,
0.058365280000000,\xEC,,
0.059408160000000, ,,
0.059503520000000,@,,
0.059598880000000,\xD5,,
0.059694240000000,\xC5,,
0.059789600000000,\xEB,,
0.059885120000000,\xD5,,
0.059980480000000,E,,
0.060075840000000,U,,
0.060171200000000,\xA8,,
0.060266560000000,\xC5,,
0.060362080000000,\xDC,,
0.060457440000000,\xD5,,
0.060552800000000,\xDC,,
0.060648160000000,U,,
0.060743520000000,\xDC,,
0.060838880000000,\xC5,,
0.060934400000000,\xDC,,
0.061029760000000,\xD5,,
0.061125120000000,\xDC,,
0.061220480000000,U,,
0.061315840000000,\xDC,,
0.061411360000000,\xC5,,
0.061506720000000,\xDC,,
0.061602080000000,\xD5,,
0.061697440000000,\xDC,,
0.061792800000000,U,,
0.061888160000000,\xDC,,
0.061983680000000,\x05,,
0.062079040000000,\xDC,,
0.062174400000000,\x05,,
0.062269760000000,\x94,,
0.062365120000000,\xEC,,
0.063408000000000, ,,
0.063503360000000,@,,
0.063598720000000,\xD5,,
0.063694240000000,\xC5,,
0.063789600000000,\xEB,,
0.063884960000000,\xD5,,
0.063980320000000,E,,
0.064075680000000,U,,
0.064171200000000,\xA8,,
0.064266560000000,\xC5,,
0.064361920000000,\xDC,,
0.064457280000000,\xD5,,
0.064552640000000,\xDC,,
0.064648000000000,U,,
0.064743520000000,\xDC,,
0.064838880000000,\xC5,,
0.064934240000000,\xDC,,
0.065029600000000,\xD5,,
0.065124960000000,\xDC,,
0.065220480000000,U,,
0.065315840000000,\xDC,,
0.065411200000000,\xC5,,
0.065506560000000,\xDC,,
0.065601920000000,\xD5,,
0.065697280000000,\xDC,,
0.065792800000000,U,,
0.065888160000000,\xDC,,
0.065983520000000,\x05,,
0.066078880000000,\xDC,,
0.066174240000000,\x05,,
0.066269760000000,\x94,,
0.066365120000000,\xEC,,
0.067417600000000, ,,
0.067512960000000,@,,
0.067608320000000,\xD5,,
0.067703680000000,\xC5,,
0.067799040000000,\xEB,,
0.067894560000000,\xD5,,
0.067989920000000,E,,
0.068085280000000,U,,
0.068180640000000,\xA8,,
0.068276000000000,\xC5,,
0.068371520000000,\xDC,,
0.068466880000000,\xD5,,
0.068562240000000,\xDC,,
0.068657600000000,U,,
0.068752960000000,\xDC,,
0.068848320000000,\xC5,,
0.068943840000000,\xDC,,
0.069039200000000,\xD5,,
0.069134560000000,\xDC,,
0.069229920000000,U,,
0.069325280000000,\xDC,,
0.069420640000000,\xC5,,
0.069516160000000,\xDC,,
0.069611520000000,\xD5,,
0.069706880000000,\xDC,,
0.069802240000000,U,,
0.069897600000000,\xDC,,
0.069993120000000,\x05,,
0.070088480000000,\xDC,,
0.070183840000000,\x05,,
0.070279200000000,\x94,,
0.070374560000000,\xEC,,
0.071423520000000, ,,
0.071518880000000,@,,
0.071614240000000,\xD5,,
0.071709600000000,\xC5,,
0.071805120000000,\xEB,,
0.071900480000000,\xD5,,
0.071995840000000,E,,
0.072091200000000,U,,
0.072186560000000,\xA8,,
0.072281920000000,\xC5,,
0.072377440000000,\xDC,,
0.072472800000000,\xD5,,
0.072568160000000,\xDC,,
0.072663520000000,U,,
0.072758880000000,\xDC,,
0.072854400000000,\xC5,,
0.072949760000000,\xDC,,
0.073045120000000,\xD5,,
0.073140480000000,\xDC,,
0.073235840000000,U,,
0.073331200000000,\xDC,,
0.073426720000000,\xC5,,
0.073522080000000,\xDC,,
0.073617440000000,\xD5,,
0.073712800000000,\xDC,,
0.073808160000000,U,,
0.073903520000000,\xDC,,
0.073999040000000,\x05,,
0.074094400000000,\xDC,,
0.074189760000000,\x05,,
0.074285120000000,\x94,,
0.074380480000000,\xEC,,
0.075407840000000, ,,
0.075503200000000,@,,
0.075598560000000,\xD5,,
0.075693920000000,\xC5,,
0.075789280000000,\xEB,,
0.075884640000000,\xD5,,
0.075980160000000,E,,
0.076075520000000,U,,
0.076170880000000,\xA8,,
0.076266240000000,\xC5,,
0.076361600000000,\xDC,,
0.076456960000000,\xD5,,
0.076552480000000,\xDC,,
0.076647840000000,U,,
0.076743200000000,\xDC,,
0.076838560000000,\xC5,,
0.076933920000000,\xDC,,
0.077029440000000,\xD5,,
0.077124800000000,\xDC,,
0.077220160000000,U,,
0.077315520000000,\xDC,,
0.077410880000000,\xC5,,
0.077506240000000,\xDC,,
0.077601760000000,\xD5,,
0.077697120000000,\xDC,,
0.077792480000000,U,,
0.077887840000000,\xDC,,
0.077983200000000,\x05,,
0.078078720000000,\xDC,,
0.078174080000000,\x05,,
0.078269440000000,\x94,,
0.078364800000000,\xEC,,
0.079407680000000, ,,
0.079503040000000,@,,
0.079598400000000,\xD5,,
0.079693920000000,\xC5,,
0.079789280000000,\xEB,,
0.079884640000000,\xD5,,
0.079980000000000,E,,
0.080075360000000,U,,
0.080170880000000,\xA8,,
0.080266240000000,\xC5,,
0.080361600000000,\xDC,,
0.080456960000000,\xD5,,
0.080552320000000,\xDC,,
0.080647680000000,U,,
0.080743200000000,\xDC,,
0.080838560000000,\xC5,,
0.080933920000000,\xDC,,
0.081029280000000,\xD5,,
0.081124640000000,\xDC,,
0.081220160000000,U,,
0.081315520000000,\xDC,,
0.081410880000000,\xC5,,
0.081506240000000,\xDC,,
0.081601600000000,\xD5,,
0.081696960000000,\xDC,,
0.081792480000000,U,,
0.081887840000000,\xDC,,
0.081983200000000,\x05,,
0.082078560000000,\xDC,,
0.082173920000000,\x05,,
0.082269280000000,\x94,,
0.082364800000000,\xEC,,
0.083407680000000, ,,
0.083503040000000,@,,
0.083598400000000,\xD5,,
0.083693760000000,\xC5,,
0.083789120000000,\xEB,,
0.083884640000000,\xD5,,
0.083980000000000,E,,
0.084075360000000,U,,
0.084170720000000,\xA8,,
0.084266080000000,\xC5,,
0.084361440000000,\xDC,,
0.084456960000000,\xD5,,
0.084552320000000,\xDC,,
0.084647680000000,U,,
0.084743040000000,\xDC,,
0.084838400000000,\xC5,,
0.084933920000000,\xDC,,
0.085029280000000,\xD5,,
0.085124640000000,\xDC,,
0.085220000000000,U,,
0.085315360000000,\xDC,,
0.085410720000000,\xC5,,
0.085506240000000,\xDC,,
0.085601600000000,\xD5,,
0.085696960000000,\xDC,,
0.085792320000000,U,,
0.085887680000000,\xDC,,
0.085983200000000,\x05,,
0.086078560000000,\xDC,,
0.086173920000000,\x05,,
0.086269280000000,\x94,,
0.086364640000000,\xEC,,
0.087408800000000, ,,
0.087504320000000,@,,
0.087599680000000,\xD5,,
0.087695040000000,\xC5,,
0.087790400000000,\xEB,,
0.087885760000000,\xD5,,
0.087981280000000,E,,
0.088076640000000,U,,
0.088172000000000,\xA8,,
0.088267360000000,\xC5,,
0.088362720000000,\xDC,,
0.088458080000000,\xD5,,
0.088553600000000,\xDC,,
0.088648960000000,U,,
0.088744320000000,\xDC,,
0.088839680000000,\xC5,,
0.088935040000000,\xDC,,
0.089030560000000,\xD5,,
0.089125920000000,\xDC,,
0.089221280000000,U,,
0.089316640000000,\xDC,,
0.089412000000000,\xC5,,
0.089507360000000,\xDC,,
0.089602880000000,\xD5,,
0.089698240000000,\xDC,,
0.089793600000000,U,,
0.089888960000000,\xDC,,
0.089984320000000,\x05,,
0.090079840000000,\xDC,,
0.090175200000000,\x05,,
0.090270560000000,\x94,,
0.090365920000000,\xEC,,
0.091407520000000, ,,
0.091502880000000,@,,
0.091598240000000,\xD5,,
0.091693600000000,\xC5,,
0.091789120000000,\xEB,,
0.091884480000000,\xD5,,
0.091979840000000,E,,
0.092075200000000,U,,
0.092170560000000,\xA8,,
0.092265920000000,\xC5,,
0.092361440000000,\xDC,,
0.092456800000000,\xD5,,
0.092552160000000,\xDC,,
0.092647520000000,U,,
0.092742880000000,\xDC,,
0.092838400000000,\xC5,,
0.092933760000000,\xDC,,
0.093029120000000,\xD5,,
0.093124480000000,\xDC,,
0.093219840000000,U,,
0.093315360000000,\xDC,,
0.093410720000000,\xC5,,
0.093506080000000,\xDC,,
0.093601440000000,\xD5,,
0.093696800000000,\xDC,,
0.093792160000000,U,,
0.093887680000000,\xDC,,
0.093983040000000,\x05,,
0.094078400000000,\xDC,,
0.094173760000000,\x05,,
0.094269120000000,\x94,,
0.094364640000000,\xEC,,
0.095407520000000, ,,
0.095502880000000,@,,
0.095598240000000,\xD5,,
0.095693600000000,\xC5,,
0.095788960000000,\xEB,,
0.095884320000000,\xD5,,
0.095979840000000,E,,
0.096075200000000,U,,
0.096170560000000,\xA8,,
0.096265920000000,\xC5,,
0.096361280000000,\xDC,,
0.096456800000000,\xD5,,
0.096552160000000,\xDC,,
0.096647520000000,U,,
0.096742880000000,\xDC,,
0.096838240000000,\xC5,,
0.096933600000000,\xDC,,
0.097029120000000,\xD5,,
0.097124480000000,\xDC,,
0.097219840000000,U,,
0.097315200000000,\xDC,,
0.097410560000000,\xC5,,
0.097505920000000,\xDC,,
0.097601440000000,\xD5,,
0.097696800000000,\xDC,,
0.097792160000000,U,,
0.097887520000000,\xDC,,
0.097982880000000,\x05,,
0.098078400000000,\xDC,,
0.098173760000000,\x05,,
0.098269120000000,\x94,,
0.098364480000000,\xEC,,
0.099407360000000, ,,
0.099502720000000,@,,
0.099598080000000,\xD5,,
0.099693600000000,\xC5,,
0.099788960000000,\xEB,,
0.099884320000000,\xD5,,
0.099979680000000,E,,
0.100075040000000,U,,
0.100170560000000,\xA8,,
0.100265920000000,\xC5,,
0.100361280000000,\xDC,,
0.100456640000000,\xD5,,
0.100552000000000,\xDC,,
0.100647360000000,U,,
0.100742880000000,\xDC,,
0.100838240000000,\xC5,,
0.100933600000000,\xDC,,
0.101028960000000,\xD5,,
0.101124320000000,\xDC,,
0.101219840000000,U,,
0.101315200000000,\xDC,,
0.101410560000000,\xC5,,
0.101505920000000,\xDC,,
0.101601280000000,\xD5,,
0.101696640000000,\xDC,,
0.101792160000000,U,,
0.101887520000000,\xDC,,
0.101982880000000,\x05,,
0.102078240000000,\xDC,,
0.102173600000000,\x05,,
0.102268960000000,\x94,,
0.102364480000000,\xEC,,
0.103407200000000, ,,
0.103502720000000,@,,
0.103598080000000,\xD5,,
0.103693440000000,\xC5,,
0.103788800000000,\xEB,,
0.103884160000000,\xD5,,
0.103979680000000,E,,
0.104075040000000,U,,
0.104170400000000,\xA8,,
0.104265760000000,\xC5,,
0.104361120000000,\xDC,,
0.104456480000000,\xD5,,
0.104552000000000,\xDC,,
0.104647360000000,U,,
0.104742720000000,\xDC,,
0.104838080000000,\xC5,,
0.104933440000000,\xDC,,
0.105028960000000,\xD5,,
0.105124320000000,\xDC,,
0.105219680000000,U,,
0.105315040000000,\xDC,,
0.105410400000000,\xC5,,
0.105505760000000,\xDC,,
0.105601280000000,\xD5,,
0.105696640000000,\xDC,,
0.105792000000000,U,,
0.105887360000000,\xDC,,
0.105982720000000,\x05,,
0.106078080000000,\xDC,,
0.106173600000000,\x05,,
0.106268960000000,\x94,,
0.106364320000000,\xEC,,
0.107407200000000, ,,
0.107502560000000,@,,
0.107598080000000,\xD5,,
0.107693440000000,\xC5,,
0.107788800000000,\xEB,,
0.107884160000000,\xD5,,
0.107979520000000,E,,
0.108074880000000,U,,
0.108170400000000,\xA8,,
0.108265760000000,\xC5,,
0.108361120000000,\xDC,,
0.108456480000000,\xD5,,
0.108551840000000,\xDC,,
0.108647360000000,U,,
0.108742720000000,\xDC,,
0.108838080000000,\xC5,,
0.108933440000000,\xDC,,
0.109028800000000,\xD5,,
0.109124160000000,\xDC,,
0.109219680000000,U,,
0.109315040000000,\xDC,,
0.109410400000000,\xC5,,
0.109505760000000,\xDC,,
0.109601120000000,\xD5,,
0.109696480000000,\xDC,,
0.109792000000000,U,,
0.109887360000000,\xDC,,
0.109982720000000,\x05,,
0.110078080000000,\xDC,,
0.110173440000000,\x05,,
0.110268960000000,\x94,,
0.110364320000000,\xEC,,
0.111417600000000, ,,
0.111512960000000,@,,
0.111608320000000,\xD5,,
0.111703680000000,\xC5,,
0.111799040000000,\xEB,,
0.111894560000000,\xD5,,
0.111989920000000,E,,
0.112085280000000,U,,
0.112180640000000,\xA8,,
0.112276000000000,\xC5,,
0.112371520000000,\xDC,,
0.112466880000000,\xD5,,
0.112562240000000,\xDC,,
0.112657600000000,U,,
0.112752960000000,\xDC,,
0.112848320000000,\xC5,,
0.112943840000000,\xDC,,
0.113039200000000,\xD5,,
0.113134560000000,\xDC,,
0.113229920000000,U,,
0.113325280000000,\xDC,,
0.113420640000000,\xC5,,
0.113516160000000,\xDC,,
0.113611520000000,\xD5,,
0.113706880000000,\xDC,,
0.113802240000000,U,,
0.113897600000000,\xDC,,
0.113993120000000,\x05,,
0.114088480000000,\xDC,,
0.114183840000000,\x05,,
0.114279200000000,\x94,,
0.114374560000000,\xEC,,
0.115408480000000, ,,
0.115504000000000,@,,
0.115599360000000,\xD5,,
0.115694720000000,\xC5,,
0.115790080000000,\xEB,,
0.115885440000000,\xD5,,
0.115980960000000,E,,
0.116076320000000,U,,
0.116171680000000,\xA8,,
0.116267040000000,\xC5,,
0.116362400000000,\xDC,,
0.116457760000000,\xD5,,
0.116553280000000,\xDC,,
0.116648640000000,U,,
0.116744000000000,\xDC,,
0.116839360000000,\xC5,,
0.116934720000000,\xDC,,
0.117030240000000,\xD5,,
0.117125600000000,\xDC,,
0.117220960000000,U,,
0.117316320000000,\xDC,,
0.117411680000000,\xC5,,
0.117507040000000,\xDC,,
0.117602560000000,\xD5,,
0.117697920000000,\xDC,,
0.117793280000000,U,,
0.117888640000000,\xDC,,
0.117984000000000,\x05,,
0.118079520000000,\xDC,,
0.118174880000000,\x05,,
0.118270240000000,\x94,,
0.118365600000000,\xEC,,
0.119418400000000, ,,
0.119513760000000,@,,
0.119609120000000,\xD5,,
0.119704480000000,\xC5,,
0.119800000000000,\xEB,,
0.119895360000000,\xD5,,
0.119990720000000,E,,
0.120086080000000,U,,
0.120181440000000,\xA8,,
0.120276800000000,\xC5,,
0.120372320000000,\xDC,,
0.120467680000000,\xD5,,
0.120563040000000,\xDC,,
0.120658400000000,U,,
0.120753760000000,\xDC,,
0.120849120000000,\xC5,,
0.120944640000000,\xDC,,
0.121040000000000,\xD5,,
0.121135360000000,\xDC,,
0.121230720000000,U,,
0.121326080000000,\xDC,,
0.121421600000000,\xC5,,
0.121516960000000,\xDC,,
0.121612320000000,\xD5,,
0.121707680000000,\xDC,,
0.121803040000000,U,,
0.121898400000000,\xDC,,
0.121993920000000,\x05,,
0.122089280000000,\xDC,,
0.122184640000000,\x05,,
0.122280000000000,\x94,,
0.122375360000000,\xEC,,
0.123429920000000, ,,
0.123525440000000,@,,
0.123620800000000,\xD5,,
0.123716160000000,\xC5,,
0.123811520000000,\xEB,,
0.123906880000000,\xD5,,
0.124002400000000,E,,
0.124097760000000,U,,
0.124193120000000,\xA8,,
0.124288480000000,\xC5,,
0.124383840000000,\xDC,,
0.124479200000000,\xD5,,
0.124574720000000,\xDC,,
0.124670080000000,U,,
0.124765440000000,\xDC,,
0.124860800000000,\xC5,,
0.124956160000000,\xDC,,
0.125051680000000,\xD5,,
0.125147040000000,\xDC,,
0.125242400000000,U,,
0.125337760000000,\xDC,,
0.125433120000000,\xC5,,
0.125528640000000,\xDC,,
0.125624000000000,\xD5,,
0.125719360000000,\xDC,,
0.125814720000000,U,,
0.125910080000000,\xDC,,
0.126005440000000,\x05,,
0.126100960000000,\xDC,,
0.126196320000000,\x05,,
0.126291680000000,\x94,,
0.126387040000000,\xEC,,
0.127406880000000, ,,
0.127502240000000,@,,
0.127597600000000,\xD5,,
0.127693120000000,\xC5,,
0.127788480000000,\xEB,,
0.127883840000000,\xD5,,
0.127979200000000,E,,
0.128074560000000,U,,
0.128170080000000,\xA8,,
0.128265440000000,\xC5,,
0.128360800000000,\xDC,,
0.128456160000000,\xD5,,
0.128551520000000,\xDC,,
0.128646880000000,U,,
0.128742400000000,\xDC,,
0.128837760000000,\xC5,,
0.128933120000000,\xDC,,
0.129028480000000,\xD5,,
0.129123840000000,\xDC,,
0.129219360000000,U,,
0.129314720000000,\xDC,,
0.129410080000000,\xC5,,
0.129505440000000,\xDC,,
0.129600800000000,\xD5,,
0.129696160000000,\xDC,,
0.129791680000000,U,,
0.129887040000000,\xDC,,
0.129982400000000,\x05,,
0.130077760000000,\xDC,,
0.130173120000000,\x05,,
0.130268480000000,\x94,,
0.130364000000000,\xEC,,
0.131406720000000, ,,
0.131502240000000,@,,
0.131597600000000,\xD5,,
0.131692960000000,\xC5,,
0.131788320000000,\xEB,,
0.131883680000000,\xD5,,
0.131979200000000,E,,
0.132074560000000,U,,
0.132169920000000,\xA8,,
0.132265280000000,\xC5,,
0.132360640000000,\xDC,,
0.132456000000000,\xD5,,
0.132551520000000,\xDC,,
0.132646880000000,U,,
0.132742240000000,\xDC,,
0.132837600000000,\xC5,,
0.132932960000000,\xDC,,
0.133028480000000,\xD5,,
0.133123840000000,\xDC,,
0.133219200000000,U,,
0.133314560000000,\xDC,,
0.133409920000000,\xC5,,
0.133505280000000,\xDC,,
0.133600800000000,\xD5,,
0.133696160000000,\xDC,,
0.133791520000000,U,,
0.133886880000000,\xDC,,
0.133982240000000,\x05,,
0.134077600000000,\xDC,,
0.134173120000000,\x05,,
0.134268480000000,\x94,,
0.134363840000000,\xEC,,
0.135425920000000, ,,
0.135521280000000,@,,
0.135616640000000,\xD5,,
0.135712000000000,\xC5,,
0.135807360000000,\xEB,,
0.135902880000000,\xD5,,
0.135998240000000,E,,
0.136093600000000,U,,
0.136188960000000,\xA8,,
0.136284320000000,\xC5,,
0.136379680000000,\xDC,,
0.136475200000000,\xD5,,
0.136570560000000,\xDC,,
0.136665920000000,U,,
0.136761280000000,\xDC,,
0.136856640000000,\xC5,,
0.136952160000000,\xDC,,
0.137047520000000,\xD5,,
0.137142880000000,\xDC,,
0.137238240000000,U,,
0.137333600000000,\xDC,,
0.137428960000000,\xC5,,
0.137524480000000,\xDC,,
0.137619840000000,\xD5,,
0.137715200000000,\xDC,,
0.137810560000000,U,,
0.137905920000000,\xDC,,
0.138001440000000,\x05,,
0.138096800000000,\xDC,,
0.138192160000000,\x05,,
0.138287520000000,\x94,,
0.138382880000000,\xEC,,
0.139406720000000, ,,
0.139502080000000,@,,
0.139597440000000,\xD5,,
0.139692800000000,\xC5,,
0.139788160000000,\xEB,,
0.139883520000000,\xD5,,
0.139979040000000,E,,
0.140074400000000,U,,
0.140169760000000,\xA8,,
0.140265120000000,\xC5,,
0.140360480000000,\xDC,,
0.140456000000000,\xD5,,
0.140551360000000,\xDC,,
0.140646720000000,U,,
0.140742080000000,\xDC,,
0.140837440000000,\xC5,,
0.140932960000000,\xDC,,
0.141028320000000,\xD5,,
0.141123680000000,\xDC,,
0.141219040000000,U,,
0.141314400000000,\xDC,,
0.141409760000000,\xC5,,
0.141505280000000,\xDC,,
0.141600640000000,\xD5,,
0.141696000000000,\xDC,,
0.141791360000000,U,,
0.141886720000000,\xDC,,
0.141982080000000,\x05,,
0.142077600000000,\xDC,,
0.142172960000000,\x05,,
0.142268320000000,\x94,,
0.142363680000000,\xEC,,
0.143406560000000, ,,
0.143501920000000,@,,
0.143597280000000,\xD5,,
0.143692800000000,\xC5,,
0.143788160000000,\xEB,,
0.143883520000000,\xD5,,
0.143978880000000,E,,
0.144074240000000,U,,
0.144169600000000,\xA8,,
0.144265120000000,\xC5,,
0.144360480000000,\xDC,,
0.144455840000000,\xD5,,
0.144551200000000,\xDC,,
0.144646560000000,U,,
0.144742080000000,\xDC,,
0.144837440000000,\xC5,,
0.144932800000000,\xDC,,
0.145028160000000,\xD5,,
0.145123520000000,\xDC,,
0.145218880000000,U,,
0.145314400000000,\xDC,,
0.145409760000000,\xC5,,
0.145505120000000,\xDC,,
0.145600480000000,\xD5,,
0.145695840000000,\xDC,,
0.145791360000000,U,,
0.145886720000000,\xDC,,
0.145982080000000,\x05,,
0.146077440000000,\xDC,,
0.146172800000000,\x05,,
0.146268160000000,\x94,,
0.146363680000000,\xEC,,
0.147406560000000, ,,
0.147501920000000,@,,
0.147597280000000,\xD5,,
0.147692800000000,\xC5,,
0.147788160000000,\xEB,,
0.147883520000000,\xD5,,
0.147978880000000,E,,
0.148074240000000,U,,
0.148169760000000,\xA8,,
0.148265120000000,\xC5,,
0.148360480000000,\xDC,,
0.148455840000000,\xD5,,
0.148551200000000,\xDC,,
0.148646560000000,U,,
0.148742080000000,\xDC,,
0.148837440000000,\xC5,,
0.148932800000000,\xDC,,
0.149028160000000,\xD5,,
0.149123520000000,\xDC,,
0.149219040000000,U,,
0.149314400000000,\xDC,,
0.149409760000000,\xC5,,
0.149505120000000,\xDC,,
0.149600480000000,\xD5,,
0.149695840000000,\xDC,,
0.149791360000000,U,,
0.149886720000000,\xDC,,
0.149982080000000,\x05,,
0.150077440000000,\xDC,,
0.150172800000000,\x05,,
0.150268160000000,\x94,,
0.150363680000000,\xEC,,
0.151406400000000, ,,
0.151501920000000,@,,
0.151597280000000,\xD5,,
0.151692640000000,\xC5,,
0.151788000000000,\xEB,,
0.151883360000000,\xD5,,
0.151978720000000,E,,
0.152074240000000,U,,
0.152169600000000,\xA8,,
0.152264960000000,\xC5,,
0.152360320000000,\xDC,,
0.152455680000000,\xD5,,
0.152551200000000,\xDC,,
0.152646560000000,U,,
0.152741920000000,\xDC,,
0.152837280000000,\xC5,,
0.152932640000000,\xDC,,
0.153028000000000,\xD5,,
0.153123520000000,\xDC,,
0.153218880000000,U,,
0.153314240000000,\xDC,,
0.153409600000000,\xC5,,
0.153504960000000,\xDC,,
0.153600320000000,\xD5,,
0.153695840000000,\xDC,,
0.153791200000000,U,,
0.153886560000000,\xDC,,
0.153981920000000,\x05,,
0.154077280000000,\xDC,,
0.154172800000000,\x05,,
0.154268160000000,\x94,,
0.154363520000000,\xEC,,
0.155406400000000, ,,
0.155501760000000,@,,
0.155597120000000,\xD5,,
0.155692480000000,\xC5,,
0.155788000000000,\xEB,,
0.155883360000000,\xD5,,
0.155978720000000,E,,
0.156074080000000,U,,
0.156169440000000,\xA8,,
0.156264960000000,\xC5,,
0.156360320000000,\xDC,,
0.156455680000000,\xD5,,
0.156551040000000,\xDC,,
0.156646400000000,U,,
0.156741760000000,\xDC,,
0.156837280000000,\xC5,,
0.156932640000000,\xDC,,
0.157028000000000,\xD5,,
0.157123360000000,\xDC,,
0.157218720000000,U,,
0.157314240000000,\xDC,,
0.157409600000000,\xC5,,
0.157504960000000,\xDC,,
0.157600320000000,\xD5,,
0.157695680000000,\xDC,,
0.157791040000000,U,,
0.157886560000000,\xDC,,
0.157981920000000,\x05,,
0.158077280000000,\xDC,,
0.158172640000000,\x05,,
0.158268000000000,\x94,,
0.158363520000000,\xEC,,
0.159406240000000, ,,
0.159501760000000,@,,
0.159597120000000,\xD5,,
0.159692480000000,\xC5,,
0.159787840000000,\xEB,,
0.159883200000000,\xD5,,
0.159978560000000,E,,
0.160074080000000,U,,
0.160169440000000,\xA8,,
0.160264800000000,\xC5,,
0.160360160000000,\xDC,,
0.160455520000000,\xD5,,
0.160551040000000,\xDC,,
0.160646400000000,U,,
0.160741760000000,\xDC,,
0.160837120000000,\xC5,,
0.160932480000000,\xDC,,
0.161027840000000,\xD5,,
0.161123360000000,\xDC,,
0.161218720000000,U,,
0.161314080000000,\xDC,,
0.161409440000000,\xC5,,
0.161504800000000,\xDC,,
0.161600320000000,\xD5,,
0.161695680000000,\xDC,,
0.161791040000000,U,,
0.161886400000000,\xDC,,
0.161981760000000,\x05,,
0.162077280000000,\xDC,,
0.162172640000000,\x05,,
0.162268000000000,\x94,,
0.162363360000000,\xEC,,
0.163407680000000, ,,
0.163503040000000,@,,
0.163598400000000,\xD5,,
0.163693920000000,\xC5,,
0.163789280000000,\xEB,,
0.163884640000000,\xD5,,
0.163980000000000,E,,
0.164075360000000,U,,
0.164170720000000,\xA8,,
0.164266240000000,\xC5,,
0.164361600000000,\xDC,,
0.164456960000000,\xD5,,
0.164552320000000,\xDC,,
0.164647680000000,U,,
0.164743200000000,\xDC,,
0.164838560000000,\xC5,,
0.164933920000000,\xDC,,
0.165029280000000,\xD5,,
0.165124640000000,\xDC,,
0.165220000000000,U,,
0.165315520000000,\xDC,,
0.165410880000000,\xC5,,
0.165506240000000,\xDC,,
0.165601600000000,\xD5,,
0.165696960000000,\xDC,,
0.165792480000000,U,,
0.165887840000000,\xDC,,
0.165983200000000,\x05,,
0.166078560000000,\xDC,,
0.166173920000000,\x05,,
0.166269280000000,\x94,,
0.166364800000000,\xEC,,
0.167407680000000, ,,
0.167503040000000,@,,
0.167598400000000,\xD5,,
0.167693760000000,\xC5,,
0.167789120000000,\xEB,,
0.167884640000000,\xD5,,
0.167980000000000,E,,
0.168075360000000,U,,
0.168170720000000,\xA8,,
0.168266080000000,\xC5,,
0.168361440000000,\xDC,,
0.168456960000000,\xD5,,
0.168552320000000,\xDC,,
0.168647680000000,U,,
0.168743040000000,\xDC,,
0.168838400000000,\xC5,,
0.168933760000000,\xDC,,
0.169029280000000,\xD5,,
0.169124640000000,\xDC,,
0.169220000000000,U,,
0.169315360000000,\xDC,,
0.169410720000000,\xC5,,
0.169506240000000,\xDC,,
0.169601600000000,\xD5,,
0.169696960000000,\xDC,,
0.169792320000000,U,,
0.169887680000000,\xDC,,
0.169983040000000,\x05,,
0.170078560000000,\xDC,,
0.170173920000000,\x05,,
0.170269280000000,\x94,,
0.170364640000000,\xEC,,
0.171415200000000, ,,
0.171510560000000,@,,
0.171605920000000,\xD5,,
0.171701440000000,\xC5,,
0.171796800000000,\xEB,,
0.171892160000000,\xD5,,
0.171987520000000,E,,
0.172082880000000,U,,
0.172178240000000,\xA8,,
0.172273760000000,\xC5,,
0.172369120000000,\xDC,,
0.172464480000000,\xD5,,
0.172559840000000,\xDC,,
0.172655200000000,U,,
0.172750720000000,\xDC,,
0.172846080000000,\xC5,,
0.172941440000000,\xDC,,
0.173036800000000,\xD5,,
0.173132160000000,\xDC,,
0.173227520000000,U,,
0.173323040000000,\xDC,,
0.173418400000000,\xC5,,
0.173513760000000,\xDC,,
0.173609120000000,\xD5,,
0.173704480000000,\xDC,,
0.173799840000000,U,,
0.173895360000000,\xDC,,
0.173990720000000,\x05,,
0.174086080000000,\xDC,,
0.174181440000000,\x05,,
0.174276800000000,\x94,,
0.174372320000000,\xEC,,
0.175406080000000, ,,
0.175501440000000,@,,
0.175596800000000,\xD5,,
0.175692160000000,\xC5,,
0.175787520000000,\xEB,,
0.175883040000000,\xD5,,
0.175978400000000,E,,
0.176073760000000,U,,
0.176169120000000,\xA8,,
0.176264480000000,\xC5,,
0.176359840000000,\xDC,,
0.176455360000000,\xD5,,
0.176550720000000,\xDC,,
0.176646080000000,U,,
0.176741440000000,\xDC,,
0.176836800000000,\xC5,,
0.176932160000000,\xDC,,
0.177027680000000,\xD5,,
0.177123040000000,\xDC,,
0.177218400000000,U,,
0.177313760000000,\xDC,,
0.177409120000000,\xC5,,
0.177504640000000,\xDC,,
0.177600000000000,\xD5,,
0.177695360000000,\xDC,,
0.177790720000000,U,,
0.177886080000000,\xDC,,
0.177981440000000,\x05,,
0.178076960000000,\xDC,,
0.178172320000000,\x05,,
0.178267680000000,\x94,,
0.178363040000000,\xEC,,
0.179406080000000, ,,
0.179501440000000,@,,
0.179596800000000,\xD5,,
0.179692160000000,\xC5,,
0.179787520000000,\xEB,,
0.179882880000000,\xD5,,
0.179978400000000,E,,
0.180073760000000,U,,
0.180169120000000,\xA8,,
0.180264480000000,\xC5,,
0.180359840000000,\xDC,,
0.180455200000000,\xD5,,
0.180550720000000,\xDC,,
0.180646080000000,U,,
0.180741440000000,\xDC,,
0.180836800000000,\xC5,,
0.180932160000000,\xDC,,
0.181027680000000,\xD5,,
0.181123040000000,\xDC,,
0.181218400000000,U,,
0.181313760000000,\xDC,,
0.181409120000000,\xC5,,
0.181504480000000,\xDC,,
0.181600000000000,\xD5,,
0.181695360000000,\xDC,,
0.181790720000000,U,,
0.181886080000000,\xDC,,
0.181981440000000,\x05,,
0.182076960000000,\xDC,,
0.182172320000000,\x05,,
0.182267680000000,\x94,,
0.182363040000000,\xEC,,
0.183418880000000, ,,
0.183514400000000,@,,
0.183609760000000,\xD5,,
0.183705120000000,\xC5,,
0.183800480000000,\xEB,,
0.183895840000000,\xD5,,
0.183991200000000,E,,
0.184086720000000,U,,
0.184182080000000,\xA8,,
0.184277440000000,\xC5,,
0.184372800000000,\xDC,,
0.184468160000000,\xD5,,
0.184563680000000,\xDC,,
0.184659040000000,U,,
0.184754400000000,\xDC,,
0.184849760000000,\xC5,,
0.184945120000000,\xDC,,
0.185040480000000,\xD5,,
0.185136000000000,\xDC,,
0.185231360000000,U,,
0.185326720000000,\xDC,,
0.185422080000000,\xC5,,
0.185517440000000,\xDC,,
0.185612960000000,\xD5,,
0.185708320000000,\xDC,,
0.185803680000000,U,,
0.185899040000000,\xDC,,
0.185994400000000,\x05,,
0.186089760000000,\xDC,,
0.186185280000000,\x05,,
0.186280640000000,\x94,,
0.186376000000000,\xEC,,
0.187407840000000, ,,
0.187503200000000,@,,
0.187598720000000,\xD5,,
0.187694080000000,\xC5,,
0.187789440000000,\xEB,,
0.187884800000000,\xD5,,
0.187980160000000,E,,
0.188075520000000,U,,
0.188171040000000,\xA8,,
0.188266400000000,\xC5,,
0.188361760000000,\xDC,,
0.188457120000000,\xD5,,
0.188552480000000,\xDC,,
0.188648000000000,U,,
0.188743360000000,\xDC,,
0.188838720000000,\xC5,,
0.188934080000000,\xDC,,
0.189029440000000,\xD5,,
0.189124800000000,\xDC,,
0.189220320000000,U,,
0.189315680000000,\xDC,,
0.189411040000000,\xC5,,
0.189506400000000,\xDC,,
0.189601760000000,\xD5,,
0.189697280000000,\xDC,,
0.189792640000000,U,,
0.189888000000000,\xDC,,
0.189983360000000,\x05,,
0.190078720000000,\xDC,,
0.190174240000000,\x05,,
0.190269600000000,\x94,,
0.190364960000000,\xEC,,
0.191405760000000, ,,
0.191501120000000,@,,
0.191596640000000,\xD5,,
0.191692000000000,\xC5,,
0.191787360000000,\xEB,,
0.191882720000000,\xD5,,
0.191978080000000,E,,
0.192073600000000,U,,
0.192168960000000,\xA8,,
0.192264320000000,\xC5,,
0.192359680000000,\xDC,,
0.192455040000000,\xD5,,
0.192550400000000,\xDC,,
0.192645920000000,U,,
0.192741280000000,\xDC,,
0.192836640000000,\xC5,,
0.192932000000000,\xDC,,
0.193027360000000,\xD5,,
0.193122720000000,\xDC,,
0.193218240000000,U,,
0.193313600000000,\xDC,,
0.193408960000000,\xC5,,
0.193504320000000,\xDC,,
0.193599680000000,\xD5,,
0.193695200000000,\xDC,,
0.193790560000000,U,,
0.193885920000000,\xDC,,
0.193981280000000,\x05,,
0.194076640000000,\xDC,,
0.194172000000000,\x05,,
0.194267520000000,\x94,,
0.194362880000000,\xEC,,
0.195405600000000, ,,
0.195501120000000,@,,
0.195596480000000,\xD5,,
0.195691840000000,\xC5,,
0.195787200000000,\xEB,,
0.195882560000000,\xD5,,
0.195977920000000,E,,
0.196073440000000,U,,
0.196168800000000,\xA8,,
0.196264160000000,\xC5,,
0.196359520000000,\xDC,,
0.196454880000000,\xD5,,
0.196550400000000,\xDC,,
0.196645760000000,U,,
0.196741120000000,\xDC,,
0.196836480000000,\xC5,,
0.196931840000000,\xDC,,
0.197027200000000,\xD5,,
0.197122720000000,\xDC,,
0.197218080000000,U,,
0.197313440000000,\xDC,,
0.197408800000000,\xC5,,
0.197504160000000,\xDC,,
0.197599680000000,\xD5,,
0.197695040000000,\xDC,,
0.197790400000000,U,,
0.197885760000000,\xDC,,
0.197981120000000,\x05,,
0.198076480000000,\xDC,,
0.198172000000000,\x05,,
0.198267360000000,\x94,,
0.198362720000000,\xEC,,
0.199405600000000, ,,
0.199500960000000,@,,
0.199596320000000,\xD5,,
0.199691840000000,\xC5,,
0.199787200000000,\xEB,,
0.199882560000000,\xD5,,
0.199977920000000,E,,
0.200073280000000,U,,
0.200168640000000,\xA8,,
0.200264160000000,\xC5,,
0.200359520000000,\xDC,,
0.200454880000000,\xD5,,
0.200550240000000,\xDC,,
0.200645600000000,U,,
0.200741120000000,\xDC,,
0.200836480000000,\xC5,,
0.200931840000000,\xDC,,
0.201027200000000,\xD5,,
0.201122560000000,\xDC,,
0.201217920000000,U,,
0.201313440000000,\xDC,,
0.201408800000000,\xC5,,
0.201504160000000,\xDC,,
0.201599520000000,\xD5,,
0.201694880000000,\xDC,,
0.201790240000000,U,,
0.201885760000000,\xDC,,
0.201981120000000,\x05,,
0.202076480000000,\xDC,,
0.202171840000000,\x05,,
0.202267200000000,\x94,,
0.202362720000000,\xEC,,
0.203405600000000, ,,
0.203500960000000,@,,
0.203596320000000,\xD5,,
0.203691680000000,\xC5,,
0.203787040000000,\xEB,,
0.203882560000000,\xD5,,
0.203977920000000,E,,
0.204073280000000,U,,
0.204168640000000,\xA8,,
0.204264000000000,\xC5,,
0.204359360000000,\xDC,,
0.204454880000000,\xD5,,
0.204550240000000,\xDC,,
0.204645600000000,U,,
0.204740960000000,\xDC,,
0.204836320000000,\xC5,,
0.204931840000000,\xDC,,
0.205027200000000,\xD5,,
0.205122560000000,\xDC,,
0.205217920000000,U,,
0.205313280000000,\xDC,,
0.205408800000000,\xC5,,
0.205504160000000,\xDC,,
0.205599520000000,\xD5,,
0.205694880000000,\xDC,,
0.205790240000000,U,,
0.205885600000000,\xDC,,
0.205981120000000,\x05,,
0.206076480000000,\xDC,,
0.206171840000000,\x05,,
0.206267200000000,\x94,,
0.206362560000000,\xEC,,
0.207405440000000, ,,
0.207500800000000,@,,
0.207596320000000,\xD5,,
0.207691680000000,\xC5,,
0.207787040000000,\xEB,,
0.207882400000000,\xD5,,
0.207977760000000,E,,
0.208073120000000,U,,
0.208168640000000,\xA8,,
0.208264000000000,\xC5,,
0.208359360000000,\xDC,,
0.208454720000000,\xD5,,
0.208550080000000,\xDC,,
0.208645600000000,U,,
0.208740960000000,\xDC,,
0.208836320000000,\xC5,,
0.208931680000000,\xDC,,
0.209027040000000,\xD5,,
0.209122400000000,\xDC,,
0.209217920000000,U,,
0.209313280000000,\xDC,,
0.209408640000000,\xC5,,
0.209504000000000,\xDC,,
0.209599360000000,\xD5,,
0.209694880000000,\xDC,,
0.209790240000000,U,,
0.209885600000000,\xDC,,
0.209980960000000,\x05,,
0.210076320000000,\xDC,,
0.210171680000000,\x05,,
0.210267200000000,\x94,,
0.210362560000000,\xEC,,
0.211405440000000, ,,
0.211500800000000,@,,
0.211596160000000,\xD5,,
0.211691520000000,\xC5,,
0.211787040000000,\xEB,,
0.211882400000000,\xD5,,
0.211977760000000,E,,
0.212073120000000,U,,
0.212168480000000,\xA8,,
0.212263840000000,\xC5,,
0.212359360000000,\xDC,,
0.212454720000000,\xD5,,
0.212550080000000,\xDC,,
0.212645440000000,U,,
0.212740800000000,\xDC,,
0.212836320000000,\xC5,,
0.212931680000000,\xDC,,
0.213027040000000,\xD5,,
0.213122400000000,\xDC,,
0.213217760000000,U,,
0.213313120000000,\xDC,,
0.213408640000000,\xC5,,
0.213504000000000,\xDC,,
0.213599360000000,\xD5,,
0.213694720000000,\xDC,,
0.213790080000000,U,,
0.213885440000000,\xDC,,
0.213980960000000,\x05,,
0.214076320000000,\xDC,,
0.214171680000000,\x05,,
0.214267040000000,\x94,,
0.214362400000000,\xEC,,
0.215405440000000, ,,
0.215500800000000,@,,
0.215596160000000,\xD5,,
0.215691520000000,\xC5,,
0.215786880000000,\xEB,,
0.215882240000000,\xD5,,
0.215977760000000,E,,
0.216073120000000,U,,
0.216168480000000,\xA8,,
0.216263840000000,\xC5,,
0.216359200000000,\xDC,,
0.216454720000000,\xD5,,
0.216550080000000,\xDC,,
0.216645440000000,U,,
0.216740800000000,\xDC,,
0.216836160000000,\xC5,,
0.216931520000000,\xDC,,
0.217027040000000,\xD5,,
0.217122400000000,\xDC,,
0.217217760000000,U,,
0.217313120000000,\xDC,,
0.217408480000000,\xC5,,
0.217503840000000,\xDC,,
0.217599360000000,\xD5,,
0.217694720000000,\xDC,,
0.217790080000000,U,,
0.217885440000000,\xDC,,
0.217980800000000,\x05,,
0.218076320000000,\xDC,,
0.218171680000000,\x05,,
0.218267040000000,\x94,,
0.218362400000000,\xEC,,
0.219413760000000, ,,
0.219509120000000,@,,
0.219604480000000,\xD5,,
0.219699840000000,\xC5,,
0.219795200000000,\xEB,,
0.219890720000000,\xD5,,
0.219986080000000,E,,
0.220081440000000,U,,
0.220176800000000,\xA8,,
0.220272160000000,\xC5,,
0.220367520000000,\xDC,,
0.220463040000000,\xD5,,
0.220558400000000,\xDC,,
0.220653760000000,U,,
0.220749120000000,\xDC,,
0.220844480000000,\xC5,,
0.220940000000000,\xDC,,
0.221035360000000,\xD5,,
0.221130720000000,\xDC,,
0.221226080000000,U,,
0.221321440000000,\xDC,,
0.221416800000000,\xC5,,
0.221512320000000,\xDC,,
0.221607680000000,\xD5,,
0.221703040000000,\xDC,,
0.221798400000000,U,,
0.221893760000000,\xDC,,
0.221989280000000,\x05,,
0.222084640000000,\xDC,,
0.222180000000000,\x05,,
0.222275360000000,\x94,,
0.222370720000000,\xEC,,
0.223405120000000, ,,
0.223500640000000,@,,
0.223596000000000,\xD5,,
0.223691360000000,\xC5,,
0.223786720000000,\xEB,,
0.223882080000000,\xD5,,
0.223977440000000,E,,
0.224072960000000,U,,
0.224168320000000,\xA8,,
0.224263680000000,\xC5,,
0.224359040000000,\xDC,,
0.224454400000000,\xD5,,
0.224549920000000,\xDC,,
0.224645280000000,U,,
0.224740640000000,\xDC,,
0.224836000000000,\xC5,,
0.224931360000000,\xDC,,
0.225026720000000,\xD5,,
0.225122240000000,\xDC,,
0.225217600000000,U,,
0.225312960000000,\xDC,,
0.225408320000000,\xC5,,
0.225503680000000,\xDC,,
0.225599200000000,\xD5,,
0.225694560000000,\xDC,,
0.225789920000000,U,,
0.225885280000000,\xDC,,
0.225980640000000,\x05,,
0.226076000000000,\xDC,,
0.226171520000000,\x05,,
0.226266880000000,\x94,,
0.226362240000000,\xEC,,
0.227405120000000, ,,
0.227500480000000,@,,
0.227595840000000,\xD5,,
0.227691200000000,\xC5,,
0.227786720000000,\xEB,,
0.227882080000000,\xD5,,
0.227977440000000,E,,
0.228072800000000,U,,
0.228168160000000,\xA8,,
0.228263520000000,\xC5,,
0.228359040000000,\xDC,,
0.228454400000000,\xD5,,
0.228549760000000,\xDC,,
0.228645120000000,U,,
0.228740480000000,\xDC,,
0.228836000000000,\xC5,,
0.228931360000000,\xDC,,
0.229026720000000,\xD5,,
0.229122080000000,\xDC,,
0.229217440000000,U,,
0.229312960000000,\xDC,,
0.229408320000000,\xC5,,
0.229503680000000,\xDC,,
0.229599040000000,\xD5,,
0.229694400000000,\xDC,,
0.229789760000000,U,,
0.229885280000000,\xDC,,
0.229980640000000,\x05,,
0.230076000000000,\xDC,,
0.230171360000000,\x05,,
0.230266720000000,\x94,,
0.230362240000000,\xEC,,
0.231404960000000, ,,
0.231500480000000,@,,
0.231595840000000,\xD5,,
0.231691200000000,\xC5,,
0.231786560000000,\xEB,,
0.231881920000000,\xD5,,
0.231977280000000,E,,
0.232072800000000,U,,
0.232168160000000,\xA8,,
0.232263520000000,\xC5,,
0.232358880000000,\xDC,,
0.232454240000000,\xD5,,
0.232549760000000,\xDC,,
0.232645120000000,U,,
0.232740480000000,\xDC,,
0.232835840000000,\xC5,,
0.232931200000000,\xDC,,
0.233026560000000,\xD5,,
0.233122080000000,\xDC,,
0.233217440000000,U,,
0.233312800000000,\xDC,,
0.233408160000000,\xC5,,
0.233503520000000,\xDC,,
0.233599040000000,\xD5,,
0.233694400000000,\xDC,,
0.233789760000000,U,,
0.233885120000000,\xDC,,
0.233980480000000,\x05,,
0.234075840000000,\xDC,,
0.234171360000000,\x05,,
0.234266720000000,\x94,,
0.234362080000000,\xEC,,
0.235414880000000, ,,
0.235510240000000,@,,
0.235605760000000,\xD5,,
0.235701120000000,\xC5,,
0.235796480000000,\xEB,,
0.235891840000000,\xD5,,
0.235987200000000,E,,
0.236082560000000,U,,
0.236178080000000,\xA8,,
0.236273440000000,\xC5,,
0.236368800000000,\xDC,,
0.236464160000000,\xD5,,
0.236559520000000,\xDC,,
0.236655040000000,U,,
0.236750400000000,\xDC,,
0.236845760000000,\xC5,,
0.236941120000000,\xDC,,
0.237036480000000,\xD5,,
0.237131840000000,\xDC,,
0.237227360000000,U,,
0.237322720000000,\xDC,,
0.237418080000000,\xC5,,
0.237513440000000,\xDC,,
0.237608800000000,\xD5,,
0.237704320000000,\xDC,,
0.237799680000000,U,,
0.237895040000000,\xDC,,
0.237990400000000,\x05,,
0.238085760000000,\xDC,,
0.238181120000000,\x05,,
0.238276640000000,\x94,,
0.238372000000000,\xEC,,
0.239404960000000, ,,
0.239500320000000,@,,
0.239595680000000,\xD5,,
0.239691040000000,\xC5,,
0.239786400000000,\xEB,,
0.239881760000000,\xD5,,
0.239977280000000,E,,
0.240072640000000,U,,
0.240168000000000,\xA8,,
0.240263360000000,\xC5,,
0.240358720000000,\xDC,,
0.240454240000000,\xD5,,
0.240549600000000,\xDC,,
0.240644960000000,U,,
0.240740320000000,\xDC,,
0.240835680000000,\xC5,,
0.240931040000000,\xDC,,
0.241026560000000,\xD5,,
0.241121920000000,\xDC,,
0.241217280000000,U,,
0.241312640000000,\xDC,,
0.241408000000000,\xC5,,
0.241503520000000,\xDC,,
0.241598880000000,\xD5,,
0.241694240000000,\xDC,,
0.241789600000000,U,,
0.241884960000000,\xDC,,
0.241980320000000,\x05,,
0.242075840000000,\xDC,,
0.242171200000000,\x05,,
0.242266560000000,\x94,,
0.242361920000000,\xEC,,
0.243404800000000, ,,
0.243500160000000,@,,
0.243595680000000,\xD5,,
0.243691040000000,\xC5,,
0.243786400000000,\xEB,,
0.243881760000000,\xD5,,
0.243977120000000,E,,
0.244072480000000,U,,
0.244168000000000,\xA8,,
0.244263360000000,\xC5,,
0.244358720000000,\xDC,,
0.244454080000000,\xD5,,
0.244549440000000,\xDC,,
0.244644960000000,U,,
0.244740320000000,\xDC,,
0.244835680000000,\xC5,,
0.244931040000000,\xDC,,
0.245026400000000,\xD5,,
0.245121760000000,\xDC,,
0.245217280000000,U,,
0.245312640000000,\xDC,,
0.245408000000000,\xC5,,
0.245503360000000,\xDC,,
0.245598720000000,\xD5,,
0.245694080000000,\xDC,,
0.245789600000000,U,,
0.245884960000000,\xDC,,
0.245980320000000,\x05,,
0.246075680000000,\xDC,,
0.246171040000000,\x05,,
0.246266560000000,\x94,,
0.246361920000000,\xEC,,
0.247404800000000, ,,
0.247500160000000,@,,
0.247595520000000,\xD5,,
0.247690880000000,\xC5,,
0.247786400000000,\xEB,,
0.247881760000000,\xD5,,
0.247977120000000,E,,
0.248072480000000,U,,
0.248167840000000,\xA8,,
0.248263200000000,\xC5,,
0.248358720000000,\xDC,,
0.248454080000000,\xD5,,
0.248549440000000,\xDC,,
0.248644800000000,U,,
0.248740160000000,\xDC,,
0.248835680000000,\xC5,,
0.248931040000000,\xDC,,
0.249026400000000,\xD5,,
0.249121760000000,\xDC,,
0.249217120000000,U,,
0.249312640000000,\xDC,,
0.249408000000000,\xC5,,
0.249503360000000,\xDC,,
0.249598720000000,\xD5,,
0.249694080000000,\xDC,,
0.249789440000000,U,,
0.249884960000000,\xDC,,
0.249980320000000,\x05,,
0.250075680000000,\xDC,,
0.250171040000000,\x05,,
0.250266400000000,\x94,,
0.250361920000000,\xEC,,
0.251404640000000, ,,
0.251500000000000,@,,
0.251595520000000,\xD5,,
0.251690880000000,\xC5,,
0.251786240000000,\xEB,,
0.251881600000000,\xD5,,
0.251976960000000,E,,
0.252072320000000,U,,
0.252167840000000,\xA8,,
0.252263200000000,\xC5,,
0.252358560000000,\xDC,,
0.252453920000000,\xD5,,
0.252549280000000,\xDC,,
0.252644800000000,U,,
0.252740160000000,\xDC,,
0.252835520000000,\xC5,,
0.252930880000000,\xDC,,
0.253026240000000,\xD5,,
0.253121760000000,\xDC,,
0.253217120000000,U,,
0.253312480000000,\xDC,,
0.253407840000000,\xC5,,
0.253503200000000,\xDC,,
0.253598560000000,\xD5,,
0.253694080000000,\xDC,,
0.253789440000000,U,,
0.253884800000000,\xDC,,
0.253980160000000,\x05,,
0.254075520000000,\xDC,,
0.254171040000000,\x05,,
0.254266400000000,\x94,,
0.254361760000000,\xEC,,
0.255404640000000, ,,
0.255500000000000,@,,
0.255595360000000,\xD5,,
0.255690720000000,\xC5,,
0.255786080000000,\xEB,,
0.255881600000000,\xD5,,
0.255976960000000,E,,
0.256072320000000,U,,
0.256167680000000,\xA8,,
0.256263040000000,\xC5,,
0.256358560000000,\xDC,,
0.256453920000000,\xD5,,
0.256549280000000,\xDC,,
0.256644640000000,U,,
0.256740000000000,\xDC,,
0.256835360000000,\xC5,,
0.256930880000000,\xDC,,
0.257026240000000,\xD5,,
0.257121600000000,\xDC,,
0.257216960000000,U,,
0.257312320000000,\xDC,,
0.257407840000000,\xC5,,
0.257503200000000,\xDC,,
0.257598560000000,\xD5,,
0.257693920000000,\xDC,,
0.257789280000000,U,,
0.257884640000000,\xDC,,
0.257980160000000,\x05,,
0.258075520000000,\xDC,,
0.258170880000000,\x05,,
0.258266240000000,\x94,,
0.258361600000000,\xEC,,
0.259404480000000, ,,
0.259500000000000,@,,
0.259595360000000,\xD5,,
0.259690720000000,\xC5,,
0.259786080000000,\xEB,,
0.259881440000000,\xD5,,
0.259976800000000,E,,
0.260072320000000,U,,
0.260167680000000,\xA8,,
0.260263040000000,\xC5,,
0.260358400000000,\xDC,,
0.260453760000000,\xD5,,
0.260549280000000,\xDC,,
0.260644640000000,U,,
0.260740000000000,\xDC,,
0.260835360000000,\xC5,,
0.260930720000000,\xDC,,
0.261026080000000,\xD5,,
0.261121600000000,\xDC,,
0.261216960000000,U,,
0.261312320000000,\xDC,,
0.261407680000000,\xC5,,
0.261503040000000,\xDC,,
0.261598400000000,\xD5,,
0.261693920000000,\xDC,,
0.261789280000000,U,,
0.261884640000000,\xDC,,
0.261980000000000,\x05,,
0.262075360000000,\xDC,,
0.262170880000000,\x05,,
0.262266240000000,\x94,,
0.262361600000000,\xEC,,
0.263404480000000, ,,
0.263499840000000,@,,
0.263595360000000,\xD5,,
0.263690720000000,\xC5,,
0.263786080000000,\xEB,,
0.263881440000000,\xD5,,
0.263976800000000,E,,
0.264072160000000,U,,
0.264167680000000,\xA8,,
0.264263040000000,\xC5,,
0.264358400000000,\xDC,,
0.264453760000000,\xD5,,
0.264549120000000,\xDC,,
0.264644640000000,U,,
0.264740000000000,\xDC,,
0.264835360000000,\xC5,,
0.264930720000000,\xDC,,
0.265026080000000,\xD5,,
0.265121440000000,\xDC,,
0.265216960000000,U,,
0.265312320000000,\xDC,,
0.265407680000000,\xC5,,
0.265503040000000,\xDC,,
0.265598400000000,\xD5,,
0.265693760000000,\xDC,,
0.265789280000000,U,,
0.265884640000000,\xDC,,
0.265980000000000,\x05,,
0.266075360000000,\xDC,,
0.266170720000000,\x05,,
0.266266240000000,\x94,,
0.266361600000000,\xEC,,
0.267414880000000, ,,
0.267510240000000,@,,
0.267605760000000,\xD5,,
0.267701120000000,\xC5,,
0.267796480000000,\xEB,,
0.267891840000000,\xD5,,
0.267987200000000,E,,
0.268082560000000,U,,
0.268178080000000,\xA8,,
0.268273440000000,\xC5,,
0.268368800000000,\xDC,,
0.268464160000000,\xD5,,
0.268559520000000,\xDC,,
0.268654880000000,U,,
0.268750400000000,\xDC,,
0.268845760000000,\xC5,,
0.268941120000000,\xDC,,
0.269036480000000,\xD5,,
0.269131840000000,\xDC,,
0.269227360000000,U,,
0.269322720000000,\xDC,,
0.269418080000000,\xC5,,
0.269513440000000,\xDC,,
0.269608800000000,\xD5,,
0.269704160000000,\xDC,,
0.269799680000000,U,,
0.269895040000000,\xDC,,
0.269990400000000,\x05,,
0.270085760000000,\xDC,,
0.270181120000000,\x05,,
0.270276640000000,\x94,,
0.270372000000000,\xEC,,
0.271404320000000, ,,
0.271499680000000,@,,
0.271595040000000,\xD5,,
0.271690560000000,\xC5,,
0.271785920000000,\xEB,,
0.271881280000000,\xD5,,
0.271976640000000,E,,
0.272072000000000,U,,
0.272167520000000,\xA8,,
0.272262880000000,\xC5,,
0.272358240000000,\xDC,,
0.272453600000000,\xD5,,
0.272548960000000,\xDC,,
0.272644320000000,U,,
0.272739840000000,\xDC,,
0.272835200000000,\xC5,,
0.272930560000000,\xDC,,
0.273025920000000,\xD5,,
0.273121280000000,\xDC,,
0.273216800000000,U,,
0.273312160000000,\xDC,,
0.273407520000000,\xC5,,
0.273502880000000,\xDC,,
0.273598240000000,\xD5,,
0.273693600000000,\xDC,,
0.273789120000000,U,,
0.273884480000000,\xDC,,
0.273979840000000,\x05,,
0.274075200000000,\xDC,,
0.274170560000000,\x05,,
0.274266080000000,\x94,,
0.274361440000000,\xEC,,
0.275404320000000, ,,
0.275499680000000,@,,
0.275595040000000,\xD5,,
0.275690400000000,\xC5,,
0.275785760000000,\xEB,,
0.275881120000000,\xD5,,
0.275976640000000,E,,
0.276072000000000,U,,
0.276167360000000,\xA8,,
0.276262720000000,\xC5,,
0.276358080000000,\xDC,,
0.276453600000000,\xD5,,
0.276548960000000,\xDC,,
0.276644320000000,U,,
0.276739680000000,\xDC,,
0.276835040000000,\xC5,,
0.276930400000000,\xDC,,
0.277025920000000,\xD5,,
0.277121280000000,\xDC,,
0.277216640000000,U,,
0.277312000000000,\xDC,,
0.277407360000000,\xC5,,
0.277502880000000,\xDC,,
0.277598240000000,\xD5,,
0.277693600000000,\xDC,,
0.277788960000000,U,,
0.277884320000000,\xDC,,
0.277979840000000,\x05,,
0.278075200000000,\xDC,,
0.278170560000000,\x05,,
0.278265920000000,\x94,,
0.278361280000000,\xEC,,
0.279404160000000, ,,
0.279499520000000,@,,
0.279595040000000,\xD5,,
0.279690400000000,\xC5,,
0.279785760000000,\xEB,,
0.279881120000000,\xD5,,
0.279976480000000,E,,
0.280072000000000,U,,
0.280167360000000,\xA8,,
0.280262720000000,\xC5,,
0.280358080000000,\xDC,,
0.280453440000000,\xD5,,
0.280548800000000,\xDC,,
0.280644320000000,U,,
0.280739680000000,\xDC,,
0.280835040000000,\xC5,,
0.280930400000000,\xDC,,
0.281025760000000,\xD5,,
0.281121120000000,\xDC,,
0.281216640000000,U,,
0.281312000000000,\xDC,,
0.281407360000000,\xC5,,
0.281502720000000,\xDC,,
0.281598080000000,\xD5,,
0.281693600000000,\xDC,,
0.281788960000000,U,,
0.281884320000000,\xDC,,
0.281979680000000,\x05,,
0.282075040000000,\xDC,,
0.282170400000000,\x05,,
0.282265920000000,\x94,,
0.282361280000000,\xEC,,
0.283404160000000, ,,
0.283499520000000,@,,
0.283594880000000,\xD5,,
0.283690400000000,\xC5,,
0.283785760000000,\xEB,,
0.283881120000000,\xD5,,
0.283976480000000,E,,
0.284071840000000,U,,
0.284167360000000,\xA8,,
0.284262720000000,\xC5,,
0.284358080000000,\xDC,,
0.284453440000000,\xD5,,
0.284548800000000,\xDC,,
0.284644160000000,U,,
0.284739680000000,\xDC,,
0.284835040000000,\xC5,,
0.284930400000000,\xDC,,
0.285025760000000,\xD5,,
0.285121120000000,\xDC,,
0.285216480000000,U,,
0.285312000000000,\xDC,,
0.285407360000000,\xC5,,
0.285502720000000,\xDC,,
0.285598080000000,\xD5,,
0.285693440000000,\xDC,,
0.285788960000000,U,,
0.285884320000000,\xDC,,
0.285979680000000,\x05,,
0.286075040000000,\xDC,,
0.286170400000000,\x05,,
0.286265760000000,\x94,,
0.286361280000000,\xEC,,
0.287404160000000, ,,
0.287499520000000,@,,
0.287594880000000,\xD5,,
0.287690240000000,\xC5,,
0.287785600000000,\xEB,,
0.287880960000000,\xD5,,
0.287976480000000,E,,
0.288071840000000,U,,
0.288167200000000,\xA8,,
0.288262560000000,\xC5,,
0.288357920000000,\xDC,,
0.288453440000000,\xD5,,
0.288548800000000,\xDC,,
0.288644160000000,U,,
0.288739520000000,\xDC,,
0.288834880000000,\xC5,,
0.288930240000000,\xDC,,
0.289025760000000,\xD5,,
0.289121120000000,\xDC,,
0.289216480000000,U,,
0.289311840000000,\xDC,,
0.289407200000000,\xC5,,
0.289502720000000,\xDC,,
0.289598080000000,\xD5,,
0.289693440000000,\xDC,,
0.289788800000000,U,,
0.289884160000000,\xDC,,
0.289979520000000,\x05,,
0.290075040000000,\xDC,,
0.290170400000000,\x05,,
0.290265760000000,\x94,,
0.290361120000000,\xEC,,
0.291404000000000, ,,
0.291499360000000,@,,
0.291594720000000,\xD5,,
0.291690240000000,\xC5,,
0.291785600000000,\xEB,,
0.291880960000000,\xD5,,
0.291976320000000,E,,
0.292071680000000,U,,
0.292167040000000,\xA8,,
0.292262560000000,\xC5,,
0.292357920000000,\xDC,,
0.292453280000000,\xD5,,
0.292548640000000,\xDC,,
0.292644000000000,U,,
0.292739520000000,\xDC,,
0.292834880000000,\xC5,,
0.292930240000000,\xDC,,
0.293025600000000,\xD5,,
0.293120960000000,\xDC,,
0.293216480000000,U,,
0.293311840000000,\xDC,,
0.293407200000000,\xC5,,
0.293502560000000,\xDC,,
0.293597920000000,\xD5,,
0.293693280000000,\xDC,,
0.293788800000000,U,,
0.293884160000000,\xDC,,
0.293979520000000,\x05,,
0.294074880000000,\xDC,,
0.294170240000000,\x05,,
0.294265760000000,\x94,,
0.294361120000000,\xEC,,
0.295403840000000, ,,
0.295499360000000,@,,
0.295594720000000,\xD5,,
0.295690080000000,\xC5,,
0.295785440000000,\xEB,,
0.295880800000000,\xD5,,
0.295976160000000,E,,
0.296071680000000,U,,
0.296167040000000,\xA8,,
0.296262400000000,\xC5,,
0.296357760000000,\xDC,,
0.296453120000000,\xD5,,
0.296548640000000,\xDC,,
0.296644000000000,U,,
0.296739360000000,\xDC,,
0.296834720000000,\xC5,,
0.296930080000000,\xDC,,
0.297025600000000,\xD5,,
0.297120960000000,\xDC,,
0.297216320000000,U,,
0.297311680000000,\xDC,,
0.297407040000000,\xC5,,
0.297502400000000,\xDC,,
0.297597920000000,\xD5,,
0.297693280000000,\xDC,,
0.297788640000000,U,,
0.297884000000000,\xDC,,
0.297979360000000,\x05,,
0.298074880000000,\xDC,,
0.298170240000000,\x05,,
0.298265600000000,\x94,,
0.298360960000000,\xEC,,
0.299405280000000, ,,
0.299500800000000,@,,
0.299596160000000,\xD5,,
0.299691520000000,\xC5,,
0.299786880000000,\xEB,,
0.299882240000000,\xD5,,
0.299977600000000,E,,
0.300073120000000,U,,
0.300168480000000,\xA8,,
0.300263840000000,\xC5,,
0.300359200000000,\xDC,,
0.300454560000000,\xD5,,
0.300549920000000,\xDC,,
0.300645440000000,U,,
0.300740800000000,\xDC,,
0.300836160000000,\xC5,,
0.300931520000000,\xDC,,
0.301026880000000,\xD5,,
0.301122400000000,\xDC,,
0.301217760000000,U,,
0.301313120000000,\xDC,,
0.301408480000000,\xC5,,
0.301503840000000,\xDC,,
0.301599200000000,\xD5,,
0.301694720000000,\xDC,,
0.301790080000000,U,,
0.301885440000000,\xDC,,
0.301980800000000,\x05,,
0.302076160000000,\xDC,,
0.302171680000000,\x05,,
0.302267040000000,\x94,,
0.302362400000000,\xEC,,
0.303403840000000, ,,
0.303499200000000,@,,
0.303594560000000,\xD5,,
0.303689920000000,\xC5,,
0.303785280000000,\xEB,,
0.303880640000000,\xD5,,
0.303976160000000,E,,
0.304071520000000,U,,
0.304166880000000,\xA8,,
0.304262240000000,\xC5,,
0.304357600000000,\xDC,,
0.304453120000000,\xD5,,
0.304548480000000,\xDC,,
0.304643840000000,U,,
0.304739200000000,\xDC,,
0.304834560000000,\xC5,,
0.304929920000000,\xDC,,
0.305025440000000,\xD5,,
0.305120800000000,\xDC,,
0.305216160000000,U,,
0.305311520000000,\xDC,,
0.305406880000000,\xC5,,
0.305502240000000,\xDC,,
0.305597760000000,\xD5,,
0.305693120000000,\xDC,,
0.305788480000000,U,,
0.305883840000000,\xDC,,
0.305979200000000,\x05,,
0.306074720000000,\xDC,,
0.306170080000000,\x05,,
0.306265440000000,\x94,,
0.306360800000000,\xEC,,
0.307403840000000, ,,
0.307499200000000,@,,
0.307594560000000,\xD5,,
0.307689920000000,\xC5,,
0.307785280000000,\xEB,,
0.307880640000000,\xD5,,
0.307976160000000,E,,
0.308071520000000,U,,
0.308166880000000,\xA8,,
0.308262240000000,\xC5,,
0.308357600000000,\xDC,,
0.308453120000000,\xD5,,
0.308548480000000,\xDC,,
0.308643840000000,U,,
0.308739200000000,\xDC,,
0.308834560000000,\xC5,,
0.308929920000000,\xDC,,
0.309025440000000,\xD5,,
0.309120800000000,\xDC,,
0.309216160000000,U,,
0.309311520000000,\xDC,,
0.309406880000000,\xC5,,
0.309502400000000,\xDC,,
0.309597760000000,\xD5,,
0.309693120000000,\xDC,,
0.309788480000000,U,,
0.309883840000000,\xDC,,
0.309979200000000,\x05,,
0.310074720000000,\xDC,,
0.310170080000000,\x05,,
0.310265440000000,\x94,,
0.310360800000000,\xEC,,
0.311403680000000, ,,
0.311499040000000,@,,
0.311594400000000,\xD5,,
0.311689760000000,\xC5,,
0.311785280000000,\xEB,,
0.311880640000000,\xD5,,
0.311976000000000,E,,
0.312071360000000,U,,
0.312166720000000,\xA8,,
0.312262240000000,\xC5,,
0.312357600000000,\xDC,,
0.312452960000000,\xD5,,
0.312548320000000,\xDC,,
0.312643680000000,U,,
0.312739040000000,\xDC,,
0.312834560000000,\xC5,,
0.312929920000000,\xDC,,
0.313025280000000,\xD5,,
0.313120640000000,\xDC,,
0.313216000000000,U,,
0.313311520000000,\xDC,,
0.313406880000000,\xC5,,
0.313502240000000,\xDC,,
0.313597600000000,\xD5,,
0.313692960000000,\xDC,,
0.313788320000000,U,,
0.313883840000000,\xDC,,
0.313979200000000,\x05,,
0.314074560000000,\xDC,,
0.314169920000000,\x05,,
0.314265280000000,\x94,,
0.314360800000000,\xEC,,
0.315403520000000, ,,
0.315498880000000,@,,
0.315594400000000,\xD5,,
0.315689760000000,\xC5,,
0.315785120000000,\xEB,,
0.315880480000000,\xD5,,
0.315975840000000,E,,
0.316071360000000,U,,
0.316166720000000,\xA8,,
0.316262080000000,\xC5,,
0.316357440000000,\xDC,,
0.316452800000000,\xD5,,
0.316548320000000,\xDC,,
0.316643680000000,U,,
0.316739040000000,\xDC,,
0.316834400000000,\xC5,,
0.316929760000000,\xDC,,
0.317025120000000,\xD5,,
0.317120640000000,\xDC,,
0.317216000000000,U,,
0.317311360000000,\xDC,,
0.317406720000000,\xC5,,
0.317502080000000,\xDC,,
0.317597600000000,\xD5,,
0.317692960000000,\xDC,,
0.317788320000000,U,,
0.317883680000000,\xDC,,
0.317979040000000,\x05,,
0.318074400000000,\xDC,,
0.318169920000000,\x05,,
0.318265280000000,\x94,,
0.318360640000000,\xEC,,
0.319410560000000, ,,
0.319505920000000,@,,
0.319601280000000,\xD5,,
0.319696800000000,\xC5,,
0.319792160000000,\xEB,,
0.319887520000000,\xD5,,
0.319982880000000,E,,
0.320078240000000,U,,
0.320173600000000,\xA8,,
0.320269120000000,\xC5,,
0.320364480000000,\xDC,,
0.320459840000000,\xD5,,
0.320555200000000,\xDC,,
0.320650560000000,U,,
0.320745920000000,\xDC,,
0.320841440000000,\xC5,,
0.320936800000000,\xDC,,
0.321032160000000,\xD5,,
0.321127520000000,\xDC,,
0.321222880000000,U,,
0.321318400000000,\xDC,,
0.321413760000000,\xC5,,
0.321509120000000,\xDC,,
0.321604480000000,\xD5,,
0.321699840000000,\xDC,,
0.321795200000000,U,,
0.321890720000000,\xDC,,
0.321986080000000,\x05,,
0.322081440000000,\xDC,,
0.322176800000000,\x05,,
0.322272160000000,\x94,,
0.322367680000000,\xEC,,
0.323403360000000, ,,
0.323498720000000,@,,
0.323594240000000,\xD5,,
0.323689600000000,\xC5,,
0.323784960000000,\xEB,,
0.323880320000000,\xD5,,
0.323975680000000,E,,
0.324071200000000,U,,
0.324166560000000,\xA8,,
0.324261920000000,\xC5,,
0.324357280000000,\xDC,,
0.324452640000000,\xD5,,
0.324548000000000,\xDC,,
0.324643520000000,U,,
0.324738880000000,\xDC,,
0.324834240000000,\xC5,,
0.324929600000000,\xDC,,
0.325024960000000,\xD5,,
0.325120480000000,\xDC,,
0.325215840000000,U,,
0.325311200000000,\xDC,,
0.325406560000000,\xC5,,
0.325501920000000,\xDC,,
0.325597280000000,\xD5,,
0.325692800000000,\xDC,,
0.325788160000000,U,,
0.325883520000000,\xDC,,
0.325978880000000,\x05,,
0.326074240000000,\xDC,,
0.326169760000000,\x05,,
0.326265120000000,\x94,,
0.326360480000000,\xEC,,
0.327403360000000, ,,
0.327498720000000,@,,
0.327594080000000,\xD5,,
0.327689600000000,\xC5,,
0.327784960000000,\xEB,,
0.327880320000000,\xD5,,
0.327975680000000,E,,
0.328071040000000,U,,
0.328166400000000,\xA8,,
0.328261920000000,\xC5,,
0.328357280000000,\xDC,,
0.328452640000000,\xD5,,
0.328548000000000,\xDC,,
0.328643360000000,U,,
0.328738880000000,\xDC,,
0.328834240000000,\xC5,,
0.328929600000000,\xDC,,
0.329024960000000,\xD5,,
0.329120320000000,\xDC,,
0.329215680000000,U,,
0.329311200000000,\xDC,,
0.329406560000000,\xC5,,
0.329501920000000,\xDC,,
0.329597280000000,\xD5,,
0.329692640000000,\xDC,,
0.329788160000000,U,,
0.329883520000000,\xDC,,
0.329978880000000,\x05,,
0.330074240000000,\xDC,,
0.330169600000000,\x05,,
0.330264960000000,\x94,,
0.330360480000000,\xEC,,
0.331422880000000, ,,
0.331518240000000,@,,
0.331613760000000,\xD5,,
0.331709120000000,\xC5,,
0.331804480000000,\xEB,,
0.331899840000000,\xD5,,
0.331995200000000,E,,
0.332090720000000,U,,
0.332186080000000,\xA8,,
0.332281440000000,\xC5,,
0.332376800000000,\xDC,,
0.332472160000000,\xD5,,
0.332567520000000,\xDC,,
0.332663040000000,U,,
0.332758400000000,\xDC,,
0.332853760000000,\xC5,,
0.332949120000000,\xDC,,
0.333044480000000,\xD5,,
0.333140000000000,\xDC,,
0.333235360000000,U,,
0.333330720000000,\xDC,,
0.333426080000000,\xC5,,
0.333521440000000,\xDC,,
0.333616800000000,\xD5,,
0.333712320000000,\xDC,,
0.333807680000000,U,,
0.333903040000000,\xDC,,
0.333998400000000,\x05,,
0.334093760000000,\xDC,,
0.334189280000000,\x05,,
0.334284640000000,\x94,,
0.334380000000000,\xEC,,
0.335413120000000, ,,
0.335508480000000,@,,
0.335603840000000,\xD5,,
0.335699200000000,\xC5,,
0.335794560000000,\xEB,,
0.335890080000000,\xD5,,
0.335985440000000,E,,
0.336080800000000,U,,
0.336176160000000,\xA8,,
0.336271520000000,\xC5,,
0.336366880000000,\xDC,,
0.336462400000000,\xD5,,
0.336557760000000,\xDC,,
0.336653120000000,U,,
0.336748480000000,\xDC,,
0.336843840000000,\xC5,,
0.336939360000000,\xDC,,
0.337034720000000,\xD5,,
0.337130080000000,\xDC,,
0.337225440000000,U,,
0.337320800000000,\xDC,,
0.337416160000000,\xC5,,
0.337511680000000,\xDC,,
0.337607040000000,\xD5,,
0.337702400000000,\xDC,,
0.337797760000000,U,,
0.337893120000000,\xDC,,
0.337988640000000,\x05,,
0.338084000000000,\xDC,,
0.338179360000000,\x05,,
0.338274720000000,\x94,,
0.338370080000000,\xEC,,
0.339403200000000, ,,
0.339498560000000,@,,
0.339593920000000,\xD5,,
0.339689280000000,\xC5,,
0.339784640000000,\xEB,,
0.339880160000000,\xD5,,
0.339975520000000,E,,
0.340070880000000,U,,
0.340166240000000,\xA8,,
0.340261600000000,\xC5,,
0.340357120000000,\xDC,,
0.340452480000000,\xD5,,
0.340547840000000,\xDC,,
0.340643200000000,U,,
0.340738560000000,\xDC,,
0.340833920000000,\xC5,,
0.340929440000000,\xDC,,
0.341024800000000,\xD5,,
0.341120160000000,\xDC,,
0.341215520000000,U,,
0.341310880000000,\xDC,,
0.341406400000000,\xC5,,
0.341501760000000,\xDC,,
0.341597120000000,\xD5,,
0.341692480000000,\xDC,,
0.341787840000000,U,,
0.341883200000000,\xDC,,
0.341978720000000,\x05,,
0.342074080000000,\xDC,,
0.342169440000000,\x05,,
0.342264800000000,\x94,,
0.342360160000000,\xEC,,
0.343403040000000, ,,
0.343498400000000,@,,
0.343593760000000,\xD5,,
0.343689280000000,\xC5,,
0.343784640000000,\xEB,,
0.343880000000000,\xD5,,
0.343975360000000,E,,
0.344070720000000,U,,
0.344166240000000,\xA8,,
0.344261600000000,\xC5,,
0.344356960000000,\xDC,,
0.344452320000000,\xD5,,
0.344547680000000,\xDC,,
0.344643040000000,U,,
0.344738560000000,\xDC,,
0.344833920000000,\xC5,,
0.344929280000000,\xDC,,
0.345024640000000,\xD5,,
0.345120000000000,\xDC,,
0.345215520000000,U,,
0.345310880000000,\xDC,,
0.345406240000000,\xC5,,
0.345501600000000,\xDC,,
0.345596960000000,\xD5,,
0.345692480000000,\xDC,,
0.345787840000000,U,,
0.345883200000000,\xDC,,
0.345978560000000,\x05,,
0.346073920000000,\xDC,,
0.346169280000000,\x05,,
0.346264800000000,\x94,,
0.346360160000000,\xEC,,
0.347403040000000, ,,
0.347498400000000,@,,
0.347593760000000,\xD5,,
0.347689120000000,\xC5,,
0.347784480000000,\xEB,,
0.347880000000000,\xD5,,
0.347975360000000,E,,
0.348070720000000,U,,
0.348166080000000,\xA8,,
0.348261440000000,\xC5,,
0.348356800000000,\xDC,,
0.348452320000000,\xD5,,
0.348547680000000,\xDC,,
0.348643040000000,U,,
0.348738400000000,\xDC,,
0.348833760000000,\xC5,,
0.348929280000000,\xDC,,
0.349024640000000,\xD5,,
0.349120000000000,\xDC,,
0.349215360000000,U,,
0.349310720000000,\xDC,,
0.349406080000000,\xC5,,
0.349501600000000,\xDC,,
0.349596960000000,\xD5,,
0.349692320000000,\xDC,,
0.349787680000000,U,,
0.349883040000000,\xDC,,
0.349978560000000,\x05,,
0.350073920000000,\xDC,,
0.350169280000000,\x05,,
0.350264640000000,\x94,,
0.350360000000000,\xEC,,
0.351403040000000, ,,
0.351498400000000,@,,
0.351593760000000,\xD5,,
0.351689120000000,\xC5,,
0.351784480000000,\xEB,,
0.351879840000000,\xD5,,
0.351975360000000,E,,
0.352070720000000,U,,
0.352166080000000,\xA8,,
0.352261440000000,\xC5,,
0.352356800000000,\xDC,,
0.352452160000000,\xD5,,
0.352547680000000,\xDC,,
0.352643040000000,U,,
0.352738400000000,\xDC,,
0.352833760000000,\xC5,,
0.352929120000000,\xDC,,
0.353024640000000,\xD5,,
0.353120000000000,\xDC,,
0.353215360000000,U,,
0.353310720000000,\xDC,,
0.353406080000000,\xC5,,
0.353501440000000,\xDC,,
0.353596960000000,\xD5,,
0.353692320000000,\xDC,,
0.353787680000000,U,,
0.353883040000000,\xDC,,
0.353978400000000,\x05,,
0.354073920000000,\xDC,,
0.354169280000000,\x05,,
0.354264640000000,\x94,,
0.354360000000000,\xEC,,
0.355402880000000, ,,
0.355498240000000,@,,
0.355593600000000,\xD5,,
0.355688960000000,\xC5,,
0.355784480000000,\xEB,,
0.355879840000000,\xD5,,
0.355975200000000,E,,
0.356070560000000,U,,
0.356165920000000,\xA8,,
0.356261440000000,\xC5,,
0.356356800000000,\xDC,,
0.356452160000000,\xD5,,
0.356547520000000,\xDC,,
0.356642880000000,U,,
0.356738240000000,\xDC,,
0.356833760000000,\xC5,,
0.356929120000000,\xDC,,
0.357024480000000,\xD5,,
0.357119840000000,\xDC,,
0.357215200000000,U,,
0.357310560000000,\xDC,,
0.357406080000000,\xC5,,
0.357501440000000,\xDC,,
0.357596800000000,\xD5,,
0.357692160000000,\xDC,,
0.357787520000000,U,,
0.357883040000000,\xDC,,
0.357978400000000,\x05,,
0.358073760000000,\xDC,,
0.358169120000000,\x05,,
0.358264480000000,\x94,,
0.358359840000000,\xEC,,
0.359402880000000, ,,
0.359498240000000,@,,
0.359593600000000,\xD5,,
0.359688960000000,\xC5,,
0.359784320000000,\xEB,,
0.359879840000000,\xD5,,
0.359975200000000,E,,
0.360070560000000,U,,
0.360165920000000,\xA8,,
0.360261280000000,\xC5,,
0.360356800000000,\xDC,,
0.360452160000000,\xD5,,
0.360547520000000,\xDC,,
0.360642880000000,U,,
0.360738240000000,\xDC,,
0.360833600000000,\xC5,,
0.360929120000000,\xDC,,
0.361024480000000,\xD5,,
0.361119840000000,\xDC,,
0.361215200000000,U,,
0.361310560000000,\xDC,,
0.361406080000000,\xC5,,
0.361501440000000,\xDC,,
0.361596800000000,\xD5,,
0.361692160000000,\xDC,,
0.361787520000000,U,,
0.361883040000000,\xDC,,
0.361978400000000,\x05,,
0.362073760000000,\xDC,,
0.362169120000000,\x05,,
0.362264480000000,\x94,,
0.362359840000000,\xEC,,
0.363402720000000, ,,
0.363498080000000,@,,
0.363593440000000,\xD5,,
0.363688960000000,\xC5,,
0.363784320000000,\xEB,,
0.363879680000000,\xD5,,
0.363975040000000,E,,
0.364070400000000,U,,
0.364165760000000,\xA8,,
0.364261280000000,\xC5,,
0.364356640000000,\xDC,,
0.364452000000000,\xD5,,
0.364547360000000,\xDC,,
0.364642720000000,U,,
0.364738240000000,\xDC,,
0.364833600000000,\xC5,,
0.364928960000000,\xDC,,
0.365024320000000,\xD5,,
0.365119680000000,\xDC,,
0.365215200000000,U,,
0.365310560000000,\xDC,,
0.365405920000000,\xC5,,
0.365501280000000,\xDC,,
0.365596640000000,\xD5,,
0.365692000000000,\xDC,,
0.365787520000000,U,,
0.365882880000000,\xDC,,
0.365978240000000,\x05,,
0.366073600000000,\xDC,,
0.366168960000000,\x05,,
0.366264480000000,\x94,,
0.366359840000000,\xEC,,
0.367414880000000, ,,
0.367510240000000,@,,
0.367605600000000,\xD5,,
0.367701120000000,\xC5,,
0.367796480000000,\xEB,,
0.367891840000000,\xD5,,
0.367987200000000,E,,
0.368082560000000,U,,
0.368177920000000,\xA8,,
0.368273440000000,\xC5,,
0.368368800000000,\xDC,,
0.368464160000000,\xD5,,
0.368559520000000,\xDC,,
0.368654880000000,U,,
0.368750240000000,\xDC,,
0.368845760000000,\xC5,,
0.368941120000000,\xDC,,
0.369036480000000,\xD5,,
0.369131840000000,\xDC,,
0.369227200000000,U,,
0.369322720000000,\xDC,,
0.369418080000000,\xC5,,
0.369513440000000,\xDC,,
0.369608800000000,\xD5,,
0.369704160000000,\xDC,,
0.369799520000000,U,,
0.369895040000000,\xDC,,
0.369990400000000,\x05,,
0.370085760000000,\xDC,,
0.370181120000000,\x05,,
0.370276480000000,\x94,,
0.370372000000000,\xEC,,
0.371402720000000, ,,
0.371498080000000,@,,
0.371593440000000,\xD5,,
0.371688800000000,\xC5,,
0.371784160000000,\xEB,,
0.371879520000000,\xD5,,
0.371975040000000,E,,
0.372070400000000,U,,
0.372165760000000,\xA8,,
0.372261120000000,\xC5,,
0.372356480000000,\xDC,,
0.372451840000000,\xD5,,
0.372547360000000,\xDC,,
0.372642720000000,U,,
0.372738080000000,\xDC,,
0.372833440000000,\xC5,,
0.372928800000000,\xDC,,
0.373024320000000,\xD5,,
0.373119680000000,\xDC,,
0.373215040000000,U,,
0.373310400000000,\xDC,,
0.373405760000000,\xC5,,
0.373501120000000,\xDC,,
0.373596640000000,\xD5,,
0.373692000000000,\xDC,,
0.373787360000000,U,,
0.373882720000000,\xDC,,
0.373978080000000,\x05,,
0.374073600000000,\xDC,,
0.374168960000000,\x05,,
0.374264320000000,\x94,,
0.374359680000000,\xEC,,
0.375402560000000, ,,
0.375497920000000,@,,
0.375593280000000,\xD5,,
0.375688640000000,\xC5,,
0.375784000000000,\xEB,,
0.375879520000000,\xD5,,
0.375974880000000,E,,
0.376070240000000,U,,
0.376165600000000,\xA8,,
0.376260960000000,\xC5,,
0.376356320000000,\xDC,,
0.376451840000000,\xD5,,
0.376547200000000,\xDC,,
0.376642560000000,U,,
0.376737920000000,\xDC,,
0.376833280000000,\xC5,,
0.376928800000000,\xDC,,
0.377024160000000,\xD5,,
0.377119520000000,\xDC,,
0.377214880000000,U,,
0.377310240000000,\xDC,,
0.377405600000000,\xC5,,
0.377501120000000,\xDC,,
0.377596480000000,\xD5,,
0.377691840000000,\xDC,,
0.377787200000000,U,,
0.377882560000000,\xDC,,
0.377978080000000,\x05,,
0.378073440000000,\xDC,,
0.378168800000000,\x05,,
0.378264160000000,\x94,,
0.378359520000000,\xEC,,
0.379402400000000, ,,
0.379497920000000,@,,
0.379593280000000,\xD5,,
0.379688640000000,\xC5,,
0.379784000000000,\xEB,,
0.379879360000000,\xD5,,
0.379974880000000,E,,
0.380070240000000,U,,
0.380165600000000,\xA8,,
0.380260960000000,\xC5,,
0.380356320000000,\xDC,,
0.380451680000000,\xD5,,
0.380547200000000,\xDC,,
0.380642560000000,U,,
0.380737920000000,\xDC,,
0.380833280000000,\xC5,,
0.380928640000000,\xDC,,
0.381024160000000,\xD5,,
0.381119520000000,\xDC,,
0.381214880000000,U,,
0.381310240000000,\xDC,,
0.381405600000000,\xC5,,
0.381500960000000,\xDC,,
0.381596480000000,\xD5,,
0.381691840000000,\xDC,,
0.381787200000000,U,,
0.381882560000000,\xDC,,
0.381977920000000,\x05,,
0.382073280000000,\xDC,,
0.382168800000000,\x05,,
0.382264160000000,\x94,,
0.382359520000000,\xEC,,
0.383402400000000, ,,
0.383497760000000,@,,
0.383593120000000,\xD5,,
0.383688480000000,\xC5,,
0.383784000000000,\xEB,,
0.383879360000000,\xD5,,
0.383974720000000,E,,
0.384070080000000,U,,
0.384165440000000,\xA8,,
0.384260960000000,\xC5,,
0.384356320000000,\xDC,,
0.384451680000000,\xD5,,
0.384547040000000,\xDC,,
0.384642400000000,U,,
0.384737920000000,\xDC,,
0.384833280000000,\xC5,,
0.384928640000000,\xDC,,
0.385024000000000,\xD5,,
0.385119360000000,\xDC,,
0.385214720000000,U,,
0.385310240000000,\xDC,,
0.385405600000000,\xC5,,
0.385500960000000,\xDC,,
0.385596320000000,\xD5,,
0.385691680000000,\xDC,,
0.385787200000000,U,,
0.385882560000000,\xDC,,
0.385977920000000,\x05,,
0.386073280000000,\xDC,,
0.386168640000000,\x05,,
0.386264000000000,\x94,,
0.386359520000000,\xEC,,
0.387402240000000, ,,
0.387497600000000,@,,
0.387593120000000,\xD5,,
0.387688480000000,\xC5,,
0.387783840000000,\xEB,,
0.387879200000000,\xD5,,
0.387974560000000,E,,
0.388070080000000,U,,
0.388165440000000,\xA8,,
0.388260800000000,\xC5,,
0.388356160000000,\xDC,,
0.388451520000000,\xD5,,
0.388546880000000,\xDC,,
0.388642400000000,U,,
0.388737760000000,\xDC,,
0.388833120000000,\xC5,,
0.388928480000000,\xDC,,
0.389023840000000,\xD5,,
0.389119360000000,\xDC,,
0.389214720000000,U,,
0.389310080000000,\xDC,,
0.389405440000000,\xC5,,
0.389500800000000,\xDC,,
0.389596320000000,\xD5,,
0.389691680000000,\xDC,,
0.389787040000000,U,,
0.389882400000000,\xDC,,
0.389977760000000,\x05,,
0.390073120000000,\xDC,,
0.390168640000000,\x05,,
0.390264000000000,\x94,,
0.390359360000000,\xEC,,
0.391402240000000, ,,
0.391497600000000,@,,
0.391592960000000,\xD5,,
0.391688320000000,\xC5,,
0.391783840000000,\xEB,,
0.391879200000000,\xD5,,
0.391974560000000,E,,
0.392069920000000,U,,
0.392165280000000,\xA8,,
0.392260640000000,\xC5,,
0.392356160000000,\xDC,,
0.392451520000000,\xD5,,
0.392546880000000,\xDC,,
0.392642240000000,U,,
0.392737600000000,\xDC,,
0.392833120000000,\xC5,,
0.392928480000000,\xDC,,
0.393023840000000,\xD5,,
0.393119200000000,\xDC,,
0.393214560000000,U,,
0.393309920000000,\xDC,,
0.393405440000000,\xC5,,
0.393500800000000,\xDC,,
0.393596160000000,\xD5,,
0.393691520000000,\xDC,,
0.393786880000000,U,,
0.393882400000000,\xDC,,
0.393977760000000,\x05,,
0.394073120000000,\xDC,,
0.394168480000000,\x05,,
0.394263840000000,\x94,,
0.394359200000000,\xEC,,
0.395402240000000, ,,
0.395497600000000,@,,
0.395592960000000,\xD5,,
0.395688320000000,\xC5,,
0.395783680000000,\xEB,,
0.395879200000000,\xD5,,
0.395974560000000,E,,
0.396069920000000,U,,
0.396165280000000,\xA8,,
0.396260640000000,\xC5,,
0.396356000000000,\xDC,,
0.396451520000000,\xD5,,
0.396546880000000,\xDC,,
0.396642240000000,U,,
0.396737600000000,\xDC,,
0.396832960000000,\xC5,,
0.396928480000000,\xDC,,
0.397023840000000,\xD5,,
0.397119200000000,\xDC,,
0.397214560000000,U,,
0.397309920000000,\xDC,,
0.397405280000000,\xC5,,
0.397500800000000,\xDC,,
0.397596160000000,\xD5,,
0.397691520000000,\xDC,,
0.397786880000000,U,,
0.397882240000000,\xDC,,
0.397977760000000,\x05,,
0.398073120000000,\xDC,,
0.398168480000000,\x05,,
0.398263840000000,\x94,,
0.398359200000000,\xEC,,
0.399402080000000, ,,
0.399497440000000,@,,
0.399592960000000,\xD5,,
0.399688320000000,\xC5,,
0.399783680000000,\xEB,,
0.399879040000000,\xD5,,
0.399974400000000,E,,
0.400069920000000,U,,
0.400165280000000,\xA8,,
0.400260640000000,\xC5,,
0.400356000000000,\xDC,,
0.400451360000000,\xD5,,
0.400546720000000,\xDC,,
0.400642240000000,U,,
0.400737600000000,\xDC,,
0.400832960000000,\xC5,,
0.400928320000000,\xDC,,
0.401023680000000,\xD5,,
0.401119200000000,\xDC,,
0.401214560000000,U,,
0.401309920000000,\xDC,,
0.401405280000000,\xC5,,
0.401500640000000,\xDC,,
0.401596000000000,\xD5,,
0.401691520000000,\xDC,,
0.401786880000000,U,,
0.401882240000000,\xDC,,
0.401977600000000,\x05,,
0.402072960000000,\xDC,,
0.402168320000000,\x05,,
0.402263840000000,\x94,,
0.402359200000000,\xEC,,
0.403402080000000, ,,
0.403497440000000,@,,
0.403592800000000,\xD5,,
0.403688160000000,\xC5,,
0.403783680000000,\xEB,,
0.403879040000000,\xD5,,
0.403974400000000,E,,
0.404069760000000,U,,
0.404165120000000,\xA8,,
0.404260640000000,\xC5,,
0.404356000000000,\xDC,,
0.404451360000000,\xD5,,
0.404546720000000,\xDC,,
0.404642080000000,U,,
0.404737440000000,\xDC,,
0.404832960000000,\xC5,,
0.404928320000000,\xDC,,
0.405023680000000,\xD5,,
0.405119040000000,\xDC,,
0.405214400000000,U,,
0.405309920000000,\xDC,,
0.405405280000000,\xC5,,
0.405500640000000,\xDC,,
0.405596000000000,\xD5,,
0.405691360000000,\xDC,,
0.405786880000000,U,,
0.405882240000000,\xDC,,
0.405977600000000,\x05,,
0.406072960000000,\xDC,,
0.406168320000000,\x05,,
0.406263680000000,\x94,,
0.406359200000000,\xEC,,
0.407401920000000, ,,
0.407497280000000,@,,
0.407592640000000,\xD5,,
0.407688160000000,\xC5,,
0.407783520000000,\xEB,,
0.407878880000000,\xD5,,
0.407974240000000,E,,
0.408069600000000,U,,
0.408165120000000,\xA8,,
0.408260480000000,\xC5,,
0.408355840000000,\xDC,,
0.408451200000000,\xD5,,
0.408546560000000,\xDC,,
0.408642080000000,U,,
0.408737440000000,\xDC,,
0.408832800000000,\xC5,,
0.408928160000000,\xDC,,
0.409023520000000,\xD5,,
0.409118880000000,\xDC,,
0.409214400000000,U,,
0.409309760000000,\xDC,,
0.409405120000000,\xC5,,
0.409500480000000,\xDC,,
0.409595840000000,\xD5,,
0.409691360000000,\xDC,,
0.409786720000000,U,,
0.409882080000000,\xDC,,
0.409977440000000,\x05,,
0.410072800000000,\xDC,,
0.410168160000000,\x05,,
0.410263680000000,\x94,,
0.410359040000000,\xEC,,
0.411401920000000, ,,
0.411497280000000,@,,
0.411592640000000,\xD5,,
0.411688000000000,\xC5,,
0.411783360000000,\xEB,,
0.411878880000000,\xD5,,
0.411974240000000,E,,
0.412069600000000,U,,
0.412164960000000,\xA8,,
0.412260320000000,\xC5,,
0.412355840000000,\xDC,,
0.412451200000000,\xD5,,
0.412546560000000,\xDC,,
0.412641920000000,U,,
0.412737280000000,\xDC,,
0.412832640000000,\xC5,,
0.412928160000000,\xDC,,
0.413023520000000,\xD5,,
0.413118880000000,\xDC,,
0.413214240000000,U,,
0.413309600000000,\xDC,,
0.413405120000000,\xC5,,
0.413500480000000,\xDC,,
0.413595840000000,\xD5,,
0.413691200000000,\xDC,,
0.413786560000000,U,,
0.413881920000000,\xDC,,
0.413977440000000,\x05,,
0.414072800000000,\xDC,,
0.414168160000000,\x05,,
0.414263520000000,\x94,,
0.414358880000000,\xEC,,
0.415410080000000, ,,
0.415505440000000,@,,
0.415600800000000,\xD5,,
0.415696160000000,\xC5,,
0.415791520000000,\xEB,,
0.415886880000000,\xD5,,
0.415982400000000,E,,
0.416077760000000,U,,
0.416173120000000,\xA8,,
0.416268480000000,\xC5,,
0.416363840000000,\xDC,,
0.416459200000000,\xD5,,
0.416554720000000,\xDC,,
0.416650080000000,U,,
0.416745440000000,\xDC,,
0.416840800000000,\xC5,,
0.416936160000000,\xDC,,
0.417031680000000,\xD5,,
0.417127040000000,\xDC,,
0.417222400000000,U,,
0.417317760000000,\xDC,,
0.417413120000000,\xC5,,
0.417508480000000,\xDC,,
0.417604000000000,\xD5,,
0.417699360000000,\xDC,,
0.417794720000000,U,,
0.417890080000000,\xDC,,
0.417985440000000,\x05,,
0.418080960000000,\xDC,,
0.418176320000000,\x05,,
0.418271680000000,\x94,,
0.418367040000000,\xEC,,
0.419401760000000, ,,
0.419497120000000,@,,
0.419592640000000,\xD5,,
0.419688000000000,\xC5,,
0.419783360000000,\xEB,,
0.419878720000000,\xD5,,
0.419974080000000,E,,
0.420069440000000,U,,
0.420164960000000,\xA8,,
0.420260320000000,\xC5,,
0.420355680000000,\xDC,,
0.420451040000000,\xD5,,
0.420546400000000,\xDC,,
0.420641920000000,U,,
0.420737280000000,\xDC,,
0.420832640000000,\xC5,,
0.420928000000000,\xDC,,
0.421023360000000,\xD5,,
0.421118720000000,\xDC,,
0.421214240000000,U,,
0.421309600000000,\xDC,,
0.421404960000000,\xC5,,
0.421500320000000,\xDC,,
0.421595680000000,\xD5,,
0.421691040000000,\xDC,,
0.421786560000000,U,,
0.421881920000000,\xDC,,
0.421977280000000,\x05,,
0.422072640000000,\xDC,,
0.422168000000000,\x05,,
0.422263520000000,\x94,,
0.422358880000000,\xEC,,
0.423401760000000, ,,
0.423497120000000,@,,
0.423592480000000,\xD5,,
0.423687840000000,\xC5,,
0.423783200000000,\xEB,,
0.423878720000000,\xD5,,
0.423974080000000,E,,
0.424069440000000,U,,
0.424164800000000,\xA8,,
0.424260160000000,\xC5,,
0.424355680000000,\xDC,,
0.424451040000000,\xD5,,
0.424546400000000,\xDC,,
0.424641760000000,U,,
0.424737120000000,\xDC,,
0.424832640000000,\xC5,,
0.424928000000000,\xDC,,
0.425023360000000,\xD5,,
0.425118720000000,\xDC,,
0.425214080000000,U,,
0.425309440000000,\xDC,,
0.425404960000000,\xC5,,
0.425500320000000,\xDC,,
0.425595680000000,\xD5,,
0.425691040000000,\xDC,,
0.425786400000000,U,,
0.425881920000000,\xDC,,
0.425977280000000,\x05,,
0.426072640000000,\xDC,,
0.426168000000000,\x05,,
0.426263360000000,\x94,,
0.426358720000000,\xEC,,
0.427401600000000, ,,
0.427496960000000,@,,
0.427592320000000,\xD5,,
0.427687840000000,\xC5,,
0.427783200000000,\xEB,,
0.427878560000000,\xD5,,
0.427973920000000,E,,
0.428069280000000,U,,
0.428164640000000,\xA8,,
0.428260160000000,\xC5,,
0.428355520000000,\xDC,,
0.428450880000000,\xD5,,
0.428546240000000,\xDC,,
0.428641600000000,U,,
0.428737120000000,\xDC,,
0.428832480000000,\xC5,,
0.428927840000000,\xDC,,
0.429023200000000,\xD5,,
0.429118560000000,\xDC,,
0.429213920000000,U,,
0.429309440000000,\xDC,,
0.429404800000000,\xC5,,
0.429500160000000,\xDC,,
0.429595520000000,\xD5,,
0.429690880000000,\xDC,,
0.429786400000000,U,,
0.429881760000000,\xDC,,
0.429977120000000,\x05,,
0.430072480000000,\xDC,,
0.430167840000000,\x05,,
0.430263200000000,\x94,,
0.430358720000000,\xEC,,
0.431401600000000, ,,
0.431496960000000,@,,
0.431592320000000,\xD5,,
0.431687680000000,\xC5,,
0.431783040000000,\xEB,,
0.431878400000000,\xD5,,
0.431973920000000,E,,
0.432069280000000,U,,
0.432164640000000,\xA8,,
0.432260000000000,\xC5,,
0.432355360000000,\xDC,,
0.432450880000000,\xD5,,
0.432546240000000,\xDC,,
0.432641600000000,U,,
0.432736960000000,\xDC,,
0.432832320000000,\xC5,,
0.432927840000000,\xDC,,
0.433023200000000,\xD5,,
0.433118560000000,\xDC,,
0.433213920000000,U,,
0.433309280000000,\xDC,,
0.433404640000000,\xC5,,
0.433500160000000,\xDC,,
0.433595520000000,\xD5,,
0.433690880000000,\xDC,,
0.433786240000000,U,,
0.433881600000000,\xDC,,
0.433977120000000,\x05,,
0.434072480000000,\xDC,,
0.434167840000000,\x05,,
0.434263200000000,\x94,,
0.434358560000000,\xEC,,
0.435401440000000, ,,
0.435496800000000,@,,
0.435592160000000,\xD5,,
0.435687680000000,\xC5,,
0.435783040000000,\xEB,,
0.435878400000000,\xD5,,
0.435973760000000,E,,
0.436069120000000,U,,
0.436164480000000,\xA8,,
0.436260000000000,\xC5,,
0.436355360000000,\xDC,,
0.436450720000000,\xD5,,
0.436546080000000,\xDC,,
0.436641440000000,U,,
0.436736960000000,\xDC,,
0.436832320000000,\xC5,,
0.436927680000000,\xDC,,
0.437023040000000,\xD5,,
0.437118400000000,\xDC,,
0.437213760000000,U,,
0.437309280000000,\xDC,,
0.437404640000000,\xC5,,
0.437500000000000,\xDC,,
0.437595360000000,\xD5,,
0.437690720000000,\xDC,,
0.437786240000000,U,,
0.437881600000000,\xDC,,
0.437976960000000,\x05,,
0.438072320000000,\xDC,,
0.438167680000000,\x05,,
0.438263200000000,\x94,,
0.438358560000000,\xEC,,
0.439401440000000, ,,
0.439496800000000,@,,
0.439592160000000,\xD5,,
0.439687520000000,\xC5,,
0.439782880000000,\xEB,,
0.439878400000000,\xD5,,
0.439973760000000,E,,
0.440069120000000,U,,
0.440164480000000,\xA8,,
0.440259840000000,\xC5,,
0.440355200000000,\xDC,,
0.440450720000000,\xD5,,
0.440546080000000,\xDC,,
0.440641440000000,U,,
0.440736800000000,\xDC,,
0.440832160000000,\xC5,,
0.440927520000000,\xDC,,
0.441023040000000,\xD5,,
0.441118400000000,\xDC,,
0.441213760000000,U,,
0.441309120000000,\xDC,,
0.441404480000000,\xC5,,
0.441500000000000,\xDC,,
0.441595360000000,\xD5,,
0.441690720000000,\xDC,,
0.441786080000000,U,,
0.441881440000000,\xDC,,
0.441976800000000,\x05,,
0.442072320000000,\xDC,,
0.442167680000000,\x05,,
0.442263040000000,\x94,,
0.442358400000000,\xEC,,
0.443401280000000, ,,
0.443496800000000,@,,
0.443592160000000,\xD5,,
0.443687520000000,\xC5,,
0.443782880000000,\xEB,,
0.443878240000000,\xD5,,
0.443973760000000,E,,
0.444069120000000,U,,
0.444164480000000,\xA8,,
0.444259840000000,\xC5,,
0.444355200000000,\xDC,,
0.444450560000000,\xD5,,
0.444546080000000,\xDC,,
0.444641440000000,U,,
0.444736800000000,\xDC,,
0.444832160000000,\xC5,,
0.444927520000000,\xDC,,
0.445022880000000,\xD5,,
0.445118400000000,\xDC,,
0.445213760000000,U,,
0.445309120000000,\xDC,,
0.445404480000000,\xC5,,
0.445499840000000,\xDC,,
0.445595360000000,\xD5,,
0.445690720000000,\xDC,,
0.445786080000000,U,,
0.445881440000000,\xDC,,
0.445976800000000,\x05,,
0.446072160000000,\xDC,,
0.446167680000000,\x05,,
0.446263040000000,\x94,,
0.446358400000000,\xEC,,
0.447401280000000, ,,
0.447496640000000,@,,
0.447592000000000,\xD5,,
0.447687520000000,\xC5,,
0.447782880000000,\xEB,,
0.447878240000000,\xD5,,
0.447973600000000,E,,
0.448068960000000,U,,
0.448164480000000,\xA8,,
0.448259840000000,\xC5,,
0.448355200000000,\xDC,,
0.448450560000000,\xD5,,
0.448545920000000,\xDC,,
0.448641280000000,U,,
0.448736800000000,\xDC,,
0.448832160000000,\xC5,,
0.448927520000000,\xDC,,
0.449022880000000,\xD5,,
0.449118240000000,\xDC,,
0.449213760000000,U,,
0.449309120000000,\xDC,,
0.449404480000000,\xC5,,
0.449499840000000,\xDC,,
0.449595200000000,\xD5,,
0.449690560000000,\xDC,,
0.449786080000000,U,,
0.449881440000000,\xDC,,
0.449976800000000,\x05,,
0.450072160000000,\xDC,,
0.450167520000000,\x05,,
0.450263040000000,\x94,,
0.450358400000000,\xEC,,
0.451401280000000, ,,
0.451496640000000,@,,
0.451592000000000,\xD5,,
0.451687360000000,\xC5,,
0.451782720000000,\xEB,,
0.451878240000000,\xD5,,
0.451973600000000,E,,
0.452068960000000,U,,
0.452164320000000,\xA8,,
0.452259680000000,\xC5,,
0.452355040000000,\xDC,,
0.452450560000000,\xD5,,
0.452545920000000,\xDC,,
0.452641280000000,U,,
0.452736640000000,\xDC,,
0.452832000000000,\xC5,,
0.452927520000000,\xDC,,
0.453022880000000,\xD5,,
0.453118240000000,\xDC,,
0.453213600000000,U,,
0.453308960000000,\xDC,,
0.453404320000000,\xC5,,
0.453499840000000,\xDC,,
0.453595200000000,\xD5,,
0.453690560000000,\xDC,,
0.453785920000000,U,,
0.453881280000000,\xDC,,
0.453976800000000,\x05,,
0.454072160000000,\xDC,,
0.454167520000000,\x05,,
0.454262880000000,\x94,,
0.454358240000000,\xEC,,
0.455401120000000, ,,
0.455496480000000,@,,
0.455591840000000,\xD5,,
0.455687200000000,\xC5,,
0.455782720000000,\xEB,,
0.455878080000000,\xD5,,
0.455973440000000,E,,
0.456068800000000,U,,
0.456164160000000,\xA8,,
0.456259680000000,\xC5,,
0.456355040000000,\xDC,,
0.456450400000000,\xD5,,
0.456545760000000,\xDC,,
0.456641120000000,U,,
0.456736480000000,\xDC,,
0.456832000000000,\xC5,,
0.456927360000000,\xDC,,
0.457022720000000,\xD5,,
0.457118080000000,\xDC,,
0.457213440000000,U,,
0.457308960000000,\xDC,,
0.457404320000000,\xC5,,
0.457499680000000,\xDC,,
0.457595040000000,\xD5,,
0.457690400000000,\xDC,,
0.457785920000000,U,,
0.457881280000000,\xDC,,
0.457976640000000,\x05,,
0.458072000000000,\xDC,,
0.458167360000000,\x05,,
0.458262720000000,\x94,,
0.458358240000000,\xEC,,
0.459410560000000, ,,
0.459506080000000,@,,
0.459601440000000,\xD5,,
0.459696800000000,\xC5,,
0.459792160000000,\xEB,,
0.459887520000000,\xD5,,
0.459983040000000,E,,
0.460078400000000,U,,
0.460173760000000,\xA8,,
0.460269120000000,\xC5,,
0.460364480000000,\xDC,,
0.460459840000000,\xD5,,
0.460555360000000,\xDC,,
0.460650720000000,U,,
0.460746080000000,\xDC,,
0.460841440000000,\xC5,,
0.460936800000000,\xDC,,
0.461032320000000,\xD5,,
0.461127680000000,\xDC,,
0.461223040000000,U,,
0.461318400000000,\xDC,,
0.461413760000000,\xC5,,
0.461509120000000,\xDC,,
0.461604640000000,\xD5,,
0.461700000000000,\xDC,,
0.461795360000000,U,,
0.461890720000000,\xDC,,
0.461986080000000,\x05,,
0.462081440000000,\xDC,,
0.462176960000000,\x05,,
0.462272320000000,\x94,,
0.462367680000000,\xEC,,
0.463407680000000, ,,
0.463503040000000,@,,
0.463598400000000,\xD5,,
0.463693760000000,\xC5,,
0.463789120000000,\xEB,,
0.463884640000000,\xD5,,
0.463980000000000,E,,
0.464075360000000,U,,
0.464170720000000,\xA8,,
0.464266080000000,\xC5,,
0.464361600000000,\xDC,,
0.464456960000000,\xD5,,
0.464552320000000,\xDC,,
0.464647680000000,U,,
0.464743040000000,\xDC,,
0.464838400000000,\xC5,,
0.464933920000000,\xDC,,
0.465029280000000,\xD5,,
0.465124640000000,\xDC,,
0.465220000000000,U,,
0.465315360000000,\xDC,,
0.465410880000000,\xC5,,
0.465506240000000,\xDC,,
0.465601600000000,\xD5,,
0.465696960000000,\xDC,,
0.465792320000000,U,,
0.465887680000000,\xDC,,
0.465983200000000,\x05,,
0.466078560000000,\xDC,,
0.466173920000000,\x05,,
0.466269280000000,\x94,,
0.466364640000000,\xEC,,
0.467416320000000, ,,
0.467511680000000,@,,
0.467607200000000,\xD5,,
0.467702560000000,\xC5,,
0.467797920000000,\xEB,,
0.467893280000000,\xD5,,
0.467988640000000,E,,
0.468084000000000,U,,
0.468179520000000,\xA8,,
0.468274880000000,\xC5,,
0.468370240000000,\xDC,,
0.468465600000000,\xD5,,
0.468560960000000,\xDC,,
0.468656480000000,U,,
0.468751840000000,\xDC,,
0.468847200000000,\xC5,,
0.468942560000000,\xDC,,
0.469037920000000,\xD5,,
0.469133440000000,\xDC,,
0.469228800000000,U,,
0.469324160000000,\xDC,,
0.469419520000000,\xC5,,
0.469514880000000,\xDC,,
0.469610240000000,\xD5,,
0.469705760000000,\xDC,,
0.469801120000000,U,,
0.469896480000000,\xDC,,
0.469991840000000,\x05,,
0.470087200000000,\xDC,,
0.470182720000000,\x05,,
0.470278080000000,\x94,,
0.470373440000000,\xEC,,
0.471400800000000, ,,
0.471496160000000,@,,
0.471591680000000,\xD5,,
0.471687040000000,\xC5,,
0.471782400000000,\xEB,,
0.471877760000000,\xD5,,
0.471973120000000,E,,
0.472068640000000,U,,
0.472164000000000,\xA8,,
0.472259360000000,\xC5,,
0.472354720000000,\xDC,,
0.472450080000000,\xD5,,
0.472545600000000,\xDC,,
0.472640960000000,U,,
0.472736320000000,\xDC,,
0.472831680000000,\xC5,,
0.472927040000000,\xDC,,
0.473022400000000,\xD5,,
0.473117920000000,\xDC,,
0.473213280000000,U,,
0.473308640000000,\xDC,,
0.473404000000000,\xC5,,
0.473499360000000,\xDC,,
0.473594880000000,\xD5,,
0.473690240000000,\xDC,,
0.473785600000000,U,,
0.473880960000000,\xDC,,
0.473976320000000,\x05,,
0.474071680000000,\xDC,,
0.474167200000000,\x05,,
0.474262560000000,\x94,,
0.474357920000000,\xEC,,
0.475400800000000, ,,
0.475496160000000,@,,
0.475591520000000,\xD5,,
0.475686880000000,\xC5,,
0.475782240000000,\xEB,,
0.475877760000000,\xD5,,
0.475973120000000,E,,
0.476068480000000,U,,
0.476163840000000,\xA8,,
0.476259200000000,\xC5,,
0.476354720000000,\xDC,,
0.476450080000000,\xD5,,
0.476545440000000,\xDC,,
0.476640800000000,U,,
0.476736160000000,\xDC,,
0.476831680000000,\xC5,,
0.476927040000000,\xDC,,
0.477022400000000,\xD5,,
0.477117760000000,\xDC,,
0.477213120000000,U,,
0.477308480000000,\xDC,,
0.477404000000000,\xC5,,
0.477499360000000,\xDC,,
0.477594720000000,\xD5,,
0.477690080000000,\xDC,,
0.477785440000000,U,,
0.477880960000000,\xDC,,
0.477976320000000,\x05,,
0.478071680000000,\xDC,,
0.478167040000000,\x05,,
0.478262400000000,\x94,,
0.478357760000000,\xEC,,
0.479431360000000, ,,
0.479526720000000,@,,
0.479622080000000,\xD5,,
0.479717440000000,\xC5,,
0.479812800000000,\xEB,,
0.479908160000000,\xD5,,
0.480003680000000,E,,
0.480099040000000,U,,
0.480194400000000,\xA8,,
0.480289760000000,\xC5,,
0.480385120000000,\xDC,,
0.480480640000000,\xD5,,
0.480576000000000,\xDC,,
0.480671360000000,U,,
0.480766720000000,\xDC,,
0.480862080000000,\xC5,,
0.480957440000000,\xDC,,
0.481052960000000,\xD5,,
0.481148320000000,\xDC,,
0.481243680000000,U,,
0.481339040000000,\xDC,,
0.481434400000000,\xC5,,
0.481529920000000,\xDC,,
0.481625280000000,\xD5,,
0.481720640000000,\xDC,,
0.481816000000000,U,,
0.481911360000000,\xDC,,
0.482006720000000,\x05,,
0.482102240000000,\xDC,,
0.482197600000000,\x05,,
0.482292960000000,\x94,,
0.482388320000000,\xEC,,
0.483400640000000, ,,
0.483496000000000,@,,
0.483591520000000,\xD5,,
0.483686880000000,\xC5,,
0.483782240000000,\xEB,,
0.483877600000000,\xD5,,
0.483972960000000,E,,
0.484068320000000,U,,
0.484163840000000,\xA8,,
0.484259200000000,\xC5,,
0.484354560000000,\xDC,,
0.484449920000000,\xD5,,
0.484545280000000,\xDC,,
0.484640800000000,U,,
0.484736160000000,\xDC,,
0.484831520000000,\xC5,,
0.484926880000000,\xDC,,
0.485022240000000,\xD5,,
0.485117600000000,\xDC,,
0.485213120000000,U,,
0.485308480000000,\xDC,,
0.485403840000000,\xC5,,
0.485499200000000,\xDC,,
0.485594560000000,\xD5,,
0.485690080000000,\xDC,,
0.485785440000000,U,,
0.485880800000000,\xDC,,
0.485976160000000,\x05,,
0.486071520000000,\xDC,,
0.486166880000000,\x05,,
0.486262400000000,\x94,,
0.486357760000000,\xEC,,
0.487400640000000, ,,
0.487496000000000,@,,
0.487591360000000,\xD5,,
0.487686720000000,\xC5,,
0.487782080000000,\xEB,,
0.487877600000000,\xD5,,
0.487972960000000,E,,
0.488068320000000,U,,
0.488163680000000,\xA8,,
0.488259040000000,\xC5,,
0.488354400000000,\xDC,,
0.488449920000000,\xD5,,
0.488545280000000,\xDC,,
0.488640640000000,U,,
0.488736000000000,\xDC,,
0.488831360000000,\xC5,,
0.488926720000000,\xDC,,
0.489022240000000,\xD5,,
0.489117600000000,\xDC,,
0.489212960000000,U,,
0.489308320000000,\xDC,,
0.489403680000000,\xC5,,
0.489499200000000,\xDC,,
0.489594560000000,\xD5,,
0.489689920000000,\xDC,,
0.489785280000000,U,,
0.489880640000000,\xDC,,
0.489976000000000,\x05,,
0.490071520000000,\xDC,,
0.490166880000000,\x05,,
0.490262240000000,\x94,,
0.490357600000000,\xEC,,
0.491400480000000, ,,
0.491495840000000,@,,
0.491591360000000,\xD5,,
0.491686720000000,\xC5,,
0.491782080000000,\xEB,,
0.491877440000000,\xD5,,
0.491972800000000,E,,
0.492068160000000,U,,
0.492163680000000,\xA8,,
0.492259040000000,\xC5,,
0.492354400000000,\xDC,,
0.492449760000000,\xD5,,
0.492545120000000,\xDC,,
0.492640640000000,U,,
0.492736000000000,\xDC,,
0.492831360000000,\xC5,,
0.492926720000000,\xDC,,
0.493022080000000,\xD5,,
0.493117440000000,\xDC,,
0.493212960000000,U,,
0.493308320000000,\xDC,,
0.493403680000000,\xC5,,
0.493499040000000,\xDC,,
0.493594400000000,\xD5,,
0.493689920000000,\xDC,,
0.493785280000000,U,,
0.493880640000000,\xDC,,
0.493976000000000,\x05,,
0.494071360000000,\xDC,,
0.494166720000000,\x05,,
0.494262240000000,\x94,,
0.494357600000000,\xEC,,
0.495400480000000, ,,
0.495495840000000,@,,
0.495591200000000,\xD5,,
0.495686560000000,\xC5,,
0.495781920000000,\xEB,,
0.495877280000000,\xD5,,
0.495972800000000,E,,
0.496068160000000,U,,
0.496163520000000,\xA8,,
0.496258880000000,\xC5,,
0.496354240000000,\xDC,,
0.496449760000000,\xD5,,
0.496545120000000,\xDC,,
0.496640480000000,U,,
0.496735840000000,\xDC,,
0.496831200000000,\xC5,,
0.496926560000000,\xDC,,
0.497022080000000,\xD5,,
0.497117440000000,\xDC,,
0.497212800000000,U,,
0.497308160000000,\xDC,,
0.497403520000000,\xC5,,
0.497499040000000,\xDC,,
0.497594400000000,\xD5,,
0.497689760000000,\xDC,,
0.497785120000000,U,,
0.497880480000000,\xDC,,
0.497975840000000,\x05,,
0.498071360000000,\xDC,,
0.498166720000000,\x05,,
0.498262080000000,\x94,,
0.498357440000000,\xEC,,
0.499401760000000, ,,
0.499497280000000,@,,
0.499592640000000,\xD5,,
0.499688000000000,\xC5,,
0.499783360000000,\xEB,,
0.499878720000000,\xD5,,
0.499974080000000,E,,
0.500069600000000,U,,
0.500164960000000,\xA8,,
0.500260320000000,\xC5,,
0.500355680000000,\xDC,,
0.500451040000000,\xD5,,
0.500546560000000,\xDC,,
0.500641920000000,U,,
0.500737280000000,\xDC,,
0.500832640000000,\xC5,,
0.500928000000000,\xDC,,
0.501023360000000,\xD5,,
0.501118880000000,\xDC,,
0.501214240000000,U,,
0.501309600000000,\xDC,,
0.501404960000000,\xC5,,
0.501500320000000,\xDC,,
0.501595840000000,\xD5,,
0.501691200000000,\xDC,,
0.501786560000000,U,,
0.501881920000000,\xDC,,
0.501977280000000,\x05,,
0.502072800000000,\xDC,,
0.502168160000000,\x05,,
0.502263520000000,\x94,,
0.502358880000000,\xEC,,
0.503401600000000, ,,
0.503497120000000,@,,
0.503592480000000,\xD5,,
0.503687840000000,\xC5,,
0.503783200000000,\xEB,,
0.503878560000000,\xD5,,
0.503973920000000,E,,
0.504069440000000,U,,
0.504164800000000,\xA8,,
0.504260160000000,\xC5,,
0.504355520000000,\xDC,,
0.504450880000000,\xD5,,
0.504546400000000,\xDC,,
0.504641760000000,U,,
0.504737120000000,\xDC,,
0.504832480000000,\xC5,,
0.504927840000000,\xDC,,
0.505023200000000,\xD5,,
0.505118720000000,\xDC,,
0.505214080000000,U,,
0.505309440000000,\xDC,,
0.505404800000000,\xC5,,
0.505500160000000,\xDC,,
0.505595680000000,\xD5,,
0.505691040000000,\xDC,,
0.505786400000000,U,,
0.505881760000000,\xDC,,
0.505977120000000,\x05,,
0.506072480000000,\xDC,,
0.506168000000000,\x05,,
0.506263360000000,\x94,,
0.506358720000000,\xEC,,
0.507401600000000, ,,
0.507496960000000,@,,
0.507592320000000,\xD5,,
0.507687680000000,\xC5,,
0.507783200000000,\xEB,,
0.507878560000000,\xD5,,
0.507973920000000,E,,
0.508069280000000,U,,
0.508164640000000,\xA8,,
0.508260160000000,\xC5,,
0.508355520000000,\xDC,,
0.508450880000000,\xD5,,
0.508546240000000,\xDC,,
0.508641600000000,U,,
0.508737120000000,\xDC,,
0.508832480000000,\xC5,,
0.508927840000000,\xDC,,
0.509023200000000,\xD5,,
0.509118560000000,\xDC,,
0.509213920000000,U,,
0.509309440000000,\xDC,,
0.509404800000000,\xC5,,
0.509500160000000,\xDC,,
0.509595520000000,\xD5,,
0.509690880000000,\xDC,,
0.509786400000000,U,,
0.509881760000000,\xDC,,
0.509977120000000,\x05,,
0.510072480000000,\xDC,,
0.510167840000000,\x05,,
0.510263200000000,\x94,,
0.510358720000000,\xEC,,
0.511400160000000, ,,
0.511495520000000,@,,
0.511590880000000,\xD5,,
0.511686240000000,\xC5,,
0.511781600000000,\xEB,,
0.511877120000000,\xD5,,
0.511972480000000,E,,
0.512067840000000,U,,
0.512163200000000,\xA8,,
0.512258560000000,\xC5,,
0.512354080000000,\xDC,,
0.512449440000000,\xD5,,
0.512544800000000,\xDC,,
0.512640160000000,U,,
0.512735520000000,\xDC,,
0.512830880000000,\xC5,,
0.512926400000000,\xDC,,
0.513021760000000,\xD5,,
0.513117120000000,\xDC,,
0.513212480000000,U,,
0.513307840000000,\xDC,,
0.513403360000000,\xC5,,
0.513498720000000,\xDC,,
0.513594080000000,\xD5,,
0.513689440000000,\xDC,,
0.513784800000000,U,,
0.513880160000000,\xDC,,
0.513975680000000,\x05,,
0.514071040000000,\xDC,,
0.514166400000000,\x05,,
0.514261760000000,\x94,,
0.514357120000000,\xEC,,
0.515427360000000, ,,
0.515522720000000,@,,
0.515618080000000,\xD5,,
0.515713440000000,\xC5,,
0.515808800000000,\xEB,,
0.515904160000000,\xD5,,
0.515999680000000,E,,
0.516095040000000,U,,
0.516190400000000,\xA8,,
0.516285760000000,\xC5,,
0.516381120000000,\xDC,,
0.516476640000000,\xD5,,
0.516572000000000,\xDC,,
0.516667360000000,U,,
0.516762720000000,\xDC,,
0.516858080000000,\xC5,,
0.516953440000000,\xDC,,
0.517048960000000,\xD5,,
0.517144320000000,\xDC,,
0.517239680000000,U,,
0.517335040000000,\xDC,,
0.517430400000000,\xC5,,
0.517525920000000,\xDC,,
0.517621280000000,\xD5,,
0.517716640000000,\xDC,,
0.517812000000000,U,,
0.517907360000000,\xDC,,
0.518002880000000,\x05,,
0.518098240000000,\xDC,,
0.518193600000000,\x05,,
0.518288960000000,\x94,,
0.518384320000000,\xEC,,
0.519400000000000, ,,
0.519495360000000,@,,
0.519590720000000,\xD5,,
0.519686080000000,\xC5,,
0.519781600000000,\xEB,,
0.519876960000000,\xD5,,
0.519972320000000,E,,
0.520067680000000,U,,
0.520163040000000,\xA8,,
0.520258560000000,\xC5,,
0.520353920000000,\xDC,,
0.520449280000000,\xD5,,
0.520544640000000,\xDC,,
0.520640000000000,U,,
0.520735360000000,\xDC,,
0.520830880000000,\xC5,,
0.520926240000000,\xDC,,
0.521021600000000,\xD5,,
0.521116960000000,\xDC,,
0.521212320000000,U,,
0.521307840000000,\xDC,,
0.521403200000000,\xC5,,
0.521498560000000,\xDC,,
0.521593920000000,\xD5,,
0.521689280000000,\xDC,,
0.521784640000000,U,,
0.521880160000000,\xDC,,
0.521975520000000,\x05,,
0.522070880000000,\xDC,,
0.522166240000000,\x05,,
0.522261600000000,\x94,,
0.522357120000000,\xEC,,
0.523400000000000, ,,
0.523495360000000,@,,
0.523590720000000,\xD5,,
0.523686080000000,\xC5,,
0.523781440000000,\xEB,,
0.523876960000000,\xD5,,
0.523972320000000,E,,
0.524067680000000,U,,
0.524163040000000,\xA8,,
0.524258400000000,\xC5,,
0.524353760000000,\xDC,,
0.524449280000000,\xD5,,
0.524544640000000,\xDC,,
0.524640000000000,U,,
0.524735360000000,\xDC,,
0.524830720000000,\xC5,,
0.524926240000000,\xDC,,
0.525021600000000,\xD5,,
0.525116960000000,\xDC,,
0.525212320000000,U,,
0.525307680000000,\xDC,,
0.525403040000000,\xC5,,
0.525498560000000,\xDC,,
0.525593920000000,\xD5,,
0.525689280000000,\xDC,,
0.525784640000000,U,,
0.525880000000000,\xDC,,
0.525975520000000,\x05,,
0.526070880000000,\xDC,,
0.526166240000000,\x05,,
0.526261600000000,\x94,,
0.526356960000000,\xEC,,
0.527399840000000, ,,
0.527495200000000,@,,
0.527590560000000,\xD5,,
0.527685920000000,\xC5,,
0.527781440000000,\xEB,,
0.527876800000000,\xD5,,
0.527972160000000,E,,
0.528067520000000,U,,
0.528162880000000,\xA8,,
0.528258400000000,\xC5,,
0.528353760000000,\xDC,,
0.528449120000000,\xD5,,
0.528544480000000,\xDC,,
0.528639840000000,U,,
0.528735200000000,\xDC,,
0.528830720000000,\xC5,,
0.528926080000000,\xDC,,
0.529021440000000,\xD5,,
0.529116800000000,\xDC,,
0.529212160000000,U,,
0.529307680000000,\xDC,,
0.529403040000000,\xC5,,
0.529498400000000,\xDC,,
0.529593760000000,\xD5,,
0.529689120000000,\xDC,,
0.529784480000000,U,,
0.529880000000000,\xDC,,
0.529975360000000,\x05,,
0.530070720000000,\xDC,,
0.530166080000000,\x05,,
0.530261440000000,\x94,,
0.530356960000000,\xEC,,
0.531399840000000, ,,
0.531495200000000,@,,
0.531590560000000,\xD5,,
0.531685920000000,\xC5,,
0.531781280000000,\xEB,,
0.531876800000000,\xD5,,
0.531972160000000,E,,
0.532067520000000,U,,
0.532162880000000,\xA8,,
0.532258240000000,\xC5,,
0.532353600000000,\xDC,,
0.532449120000000,\xD5,,
0.532544480000000,\xDC,,
0.532639840000000,U,,
0.532735200000000,\xDC,,
0.532830560000000,\xC5,,
0.532926080000000,\xDC,,
0.533021440000000,\xD5,,
0.533116800000000,\xDC,,
0.533212160000000,U,,
0.533307520000000,\xDC,,
0.533402880000000,\xC5,,
0.533498400000000,\xDC,,
0.533593760000000,\xD5,,
0.533689120000000,\xDC,,
0.533784480000000,U,,
0.533879840000000,\xDC,,
0.533975360000000,\x05,,
0.534070720000000,\xDC,,
0.534166080000000,\x05,,
0.534261440000000,\x94,,
0.534356800000000,\xEC,,
0.535399680000000, ,,
0.535495040000000,@,,
0.535590560000000,\xD5,,
0.535685920000000,\xC5,,
0.535781280000000,\xEB,,
0.535876640000000,\xD5,,
0.535972000000000,E,,
0.536067360000000,U,,
0.536162880000000,\xA8,,
0.536258240000000,\xC5,,
0.536353600000000,\xDC,,
0.536448960000000,\xD5,,
0.536544320000000,\xDC,,
0.536639680000000,U,,
0.536735200000000,\xDC,,
0.536830560000000,\xC5,,
0.536925920000000,\xDC,,
0.537021280000000,\xD5,,
0.537116640000000,\xDC,,
0.537212160000000,U,,
0.537307520000000,\xDC,,
0.537402880000000,\xC5,,
0.537498240000000,\xDC,,
0.537593600000000,\xD5,,
0.537688960000000,\xDC,,
0.537784480000000,U,,
0.537879840000000,\xDC,,
0.537975200000000,\x05,,
0.538070560000000,\xDC,,
0.538165920000000,\x05,,
0.538261440000000,\x94,,
0.538356800000000,\xEC,,
0.539399680000000, ,,
0.539495040000000,@,,
0.539590400000000,\xD5,,
0.539685760000000,\xC5,,
0.539781280000000,\xEB,,
0.539876640000000,\xD5,,
0.539972000000000,E,,
0.540067360000000,U,,
0.540162720000000,\xA8,,
0.540258080000000,\xC5,,
0.540353600000000,\xDC,,
0.540448960000000,\xD5,,
0.540544320000000,\xDC,,
0.540639680000000,U,,
0.540735040000000,\xDC,,
0.540830560000000,\xC5,,
0.540925920000000,\xDC,,
0.541021280000000,\xD5,,
0.541116640000000,\xDC,,
0.541212000000000,U,,
0.541307360000000,\xDC,,
0.541402880000000,\xC5,,
0.541498240000000,\xDC,,
0.541593600000000,\xD5,,
0.541688960000000,\xDC,,
0.541784320000000,U,,
0.541879680000000,\xDC,,
0.541975200000000,\x05,,
0.542070560000000,\xDC,,
0.542165920000000,\x05,,
0.542261280000000,\x94,,
0.542356640000000,\xEC,,
0.543399520000000, ,,
0.543494880000000,@,,
0.543590400000000,\xD5,,
0.543685760000000,\xC5,,
0.543781120000000,\xEB,,
0.543876480000000,\xD5,,
0.543971840000000,E,,
0.544067360000000,U,,
0.544162720000000,\xA8,,
0.544258080000000,\xC5,,
0.544353440000000,\xDC,,
0.544448800000000,\xD5,,
0.544544160000000,\xDC,,
0.544639680000000,U,,
0.544735040000000,\xDC,,
0.544830400000000,\xC5,,
0.544925760000000,\xDC,,
0.545021120000000,\xD5,,
0.545116640000000,\xDC,,
0.545212000000000,U,,
0.545307360000000,\xDC,,
0.545402720000000,\xC5,,
0.545498080000000,\xDC,,
0.545593440000000,\xD5,,
0.545688960000000,\xDC,,
0.545784320000000,U,,
0.545879680000000,\xDC,,
0.545975040000000,\x05,,
0.546070400000000,\xDC,,
0.546165920000000,\x05,,
0.546261280000000,\x94,,
0.546356640000000,\xEC,,
0.547399520000000, ,,
0.547494880000000,@,,
0.547590240000000,\xD5,,
0.547685600000000,\xC5,,
0.547780960000000,\xEB,,
0.547876480000000,\xD5,,
0.547971840000000,E,,
0.548067200000000,U,,
0.548162560000000,\xA8,,
0.548257920000000,\xC5,,
0.548353440000000,\xDC,,
0.548448800000000,\xD5,,
0.548544160000000,\xDC,,
0.548639520000000,U,,
0.548734880000000,\xDC,,
0.548830240000000,\xC5,,
0.548925760000000,\xDC,,
0.549021120000000,\xD5,,
0.549116480000000,\xDC,,
0.549211840000000,U,,
0.549307200000000,\xDC,,
0.549402720000000,\xC5,,
0.549498080000000,\xDC,,
0.549593440000000,\xD5,,
0.549688800000000,\xDC,,
0.549784160000000,U,,
0.549879680000000,\xDC,,
0.549975040000000,\x05,,
0.550070400000000,\xDC,,
0.550165760000000,\x05,,
0.550261120000000,\x94,,
0.550356480000000,\xEC,,
0.551399360000000, ,,
0.551494880000000,@,,
0.551590240000000,\xD5,,
0.551685600000000,\xC5,,
0.551780960000000,\xEB,,
0.551876320000000,\xD5,,
0.551971680000000,E,,
0.552067200000000,U,,
0.552162560000000,\xA8,,
0.552257920000000,\xC5,,
0.552353280000000,\xDC,,
0.552448640000000,\xD5,,
0.552544000000000,\xDC,,
0.552639520000000,U,,
0.552734880000000,\xDC,,
0.552830240000000,\xC5,,
0.552925600000000,\xDC,,
0.553020960000000,\xD5,,
0.553116480000000,\xDC,,
0.553211840000000,U,,
0.553307200000000,\xDC,,
0.553402560000000,\xC5,,
0.553497920000000,\xDC,,
0.553593280000000,\xD5,,
0.553688800000000,\xDC,,
0.553784160000000,U,,
0.553879520000000,\xDC,,
0.553974880000000,\x05,,
0.554070240000000,\xDC,,
0.554165760000000,\x05,,
0.554261120000000,\x94,,
0.554356480000000,\xEC,,
0.555399360000000, ,,
0.555494720000000,@,,
0.555590240000000,\xD5,,
0.555685600000000,\xC5,,
0.555780960000000,\xEB,,
0.555876320000000,\xD5,,
0.555971680000000,E,,
0.556067040000000,U,,
0.556162560000000,\xA8,,
0.556257920000000,\xC5,,
0.556353280000000,\xDC,,
0.556448640000000,\xD5,,
0.556544000000000,\xDC,,
0.556639360000000,U,,
0.556734880000000,\xDC,,
0.556830240000000,\xC5,,
0.556925600000000,\xDC,,
0.557020960000000,\xD5,,
0.557116320000000,\xDC,,
0.557211840000000,U,,
0.557307200000000,\xDC,,
0.557402560000000,\xC5,,
0.557497920000000,\xDC,,
0.557593280000000,\xD5,,
0.557688640000000,\xDC,,
0.557784160000000,U,,
0.557879520000000,\xDC,,
0.557974880000000,\x05,,
0.558070240000000,\xDC,,
0.558165600000000,\x05,,
0.558261120000000,\x94,,
0.558356480000000,\xEC,,
0.559402880000000, ,,
0.559498240000000,@,,
0.559593600000000,\xD5,,
0.559688960000000,\xC5,,
0.559784480000000,\xEB,,
0.559879840000000,\xD5,,
0.559975200000000,E,,
0.560070560000000,U,,
0.560165920000000,\xA8,,
0.560261440000000,\xC5,,
0.560356800000000,\xDC,,
0.560452160000000,\xD5,,
0.560547520000000,\xDC,,
0.560642880000000,U,,
0.560738240000000,\xDC,,
0.560833760000000,\xC5,,
0.560929120000000,\xDC,,
0.561024480000000,\xD5,,
0.561119840000000,\xDC,,
0.561215200000000,U,,
0.561310560000000,\xDC,,
0.561406080000000,\xC5,,
0.561501440000000,\xDC,,
0.561596800000000,\xD5,,
0.561692160000000,\xDC,,
0.561787520000000,U,,
0.561883040000000,\xDC,,
0.561978400000000,\x05,,
0.562073760000000,\xDC,,
0.562169120000000,\x05,,
0.562264480000000,\x94,,
0.562359840000000,\xEC,,
0.563414720000000, ,,
0.563510080000000,@,,
0.563605440000000,\xD5,,
0.563700800000000,\xC5,,
0.563796160000000,\xEB,,
0.563891680000000,\xD5,,
0.563987040000000,E,,
0.564082400000000,U,,
0.564177760000000,\xA8,,
0.564273120000000,\xC5,,
0.564368640000000,\xDC,,
0.564464000000000,\xD5,,
0.564559360000000,\xDC,,
0.564654720000000,U,,
0.564750080000000,\xDC,,
0.564845440000000,\xC5,,
0.564940960000000,\xDC,,
0.565036320000000,\xD5,,
0.565131680000000,\xDC,,
0.565227040000000,U,,
0.565322400000000,\xDC,,
0.565417760000000,\xC5,,
0.565513280000000,\xDC,,
0.565608640000000,\xD5,,
0.565704000000000,\xDC,,
0.565799360000000,U,,
0.565894720000000,\xDC,,
0.565990240000000,\x05,,
0.566085600000000,\xDC,,
0.566180960000000,\x05,,
0.566276320000000,\x94,,
0.566371680000000,\xEC,,
0.567399200000000, ,,
0.567494560000000,@,,
0.567589920000000,\xD5,,
0.567685280000000,\xC5,,
0.567780640000000,\xEB,,
0.567876000000000,\xD5,,
0.567971520000000,E,,
0.568066880000000,U,,
0.568162240000000,\xA8,,
0.568257600000000,\xC5,,
0.568352960000000,\xDC,,
0.568448480000000,\xD5,,
0.568543840000000,\xDC,,
0.568639200000000,U,,
0.568734560000000,\xDC,,
0.568829920000000,\xC5,,
0.568925440000000,\xDC,,
0.569020800000000,\xD5,,
0.569116160000000,\xDC,,
0.569211520000000,U,,
0.569306880000000,\xDC,,
0.569402240000000,\xC5,,
0.569497760000000,\xDC,,
0.569593120000000,\xD5,,
0.569688480000000,\xDC,,
0.569783840000000,U,,
0.569879200000000,\xDC,,
0.569974720000000,\x05,,
0.570070080000000,\xDC,,
0.570165440000000,\x05,,
0.570260800000000,\x94,,
0.570356160000000,\xEC,,
0.571399200000000, ,,
0.571494560000000,@,,
0.571589920000000,\xD5,,
0.571685280000000,\xC5,,
0.571780640000000,\xEB,,
0.571876000000000,\xD5,,
0.571971520000000,E,,
0.572066880000000,U,,
0.572162240000000,\xA8,,
0.572257600000000,\xC5,,
0.572352960000000,\xDC,,
0.572448480000000,\xD5,,
0.572543840000000,\xDC,,
0.572639200000000,U,,
0.572734560000000,\xDC,,
0.572829920000000,\xC5,,
0.572925280000000,\xDC,,
0.573020800000000,\xD5,,
0.573116160000000,\xDC,,
0.573211520000000,U,,
0.573306880000000,\xDC,,
0.573402240000000,\xC5,,
0.573497760000000,\xDC,,
0.573593120000000,\xD5,,
0.573688480000000,\xDC,,
0.573783840000000,U,,
0.573879200000000,\xDC,,
0.573974560000000,\x05,,
0.574070080000000,\xDC,,
0.574165440000000,\x05,,
0.574260800000000,\x94,,
0.574356160000000,\xEC,,
0.575405280000000, ,,
0.575500640000000,@,,
0.575596000000000,\xD5,,
0.575691360000000,\xC5,,
0.575786720000000,\xEB,,
0.575882240000000,\xD5,,
0.575977600000000,E,,
0.576072960000000,U,,
0.576168320000000,\xA8,,
0.576263680000000,\xC5,,
0.576359200000000,\xDC,,
0.576454560000000,\xD5,,
0.576549920000000,\xDC,,
0.576645280000000,U,,
0.576740640000000,\xDC,,
0.576836160000000,\xC5,,
0.576931520000000,\xDC,,
0.577026880000000,\xD5,,
0.577122240000000,\xDC,,
0.577217600000000,U,,
0.577312960000000,\xDC,,
0.577408480000000,\xC5,,
0.577503840000000,\xDC,,
0.577599200000000,\xD5,,
0.577694560000000,\xDC,,
0.577789920000000,U,,
0.577885440000000,\xDC,,
0.577980800000000,\x05,,
0.578076160000000,\xDC,,
0.578171520000000,\x05,,
0.578266880000000,\x94,,
0.578362240000000,\xEC,,
0.579406560000000, ,,
0.579501920000000,@,,
0.579597280000000,\xD5,,
0.579692640000000,\xC5,,
0.579788000000000,\xEB,,
0.579883520000000,\xD5,,
0.579978880000000,E,,
0.580074240000000,U,,
0.580169600000000,\xA8,,
0.580264960000000,\xC5,,
0.580360320000000,\xDC,,
0.580455840000000,\xD5,,
0.580551200000000,\xDC,,
0.580646560000000,U,,
0.580741920000000,\xDC,,
0.580837280000000,\xC5,,
0.580932800000000,\xDC,,
0.581028160000000,\xD5,,
0.581123520000000,\xDC,,
0.581218880000000,U,,
0.581314240000000,\xDC,,
0.581409600000000,\xC5,,
0.581505120000000,\xDC,,
0.581600480000000,\xD5,,
0.581695840000000,\xDC,,
0.581791200000000,U,,
0.581886560000000,\xDC,,
0.581982080000000,\x05,,
0.582077440000000,\xDC,,
0.582172800000000,\x05,,
0.582268160000000,\x94,,
0.582363520000000,\xEC,,
0.583398880000000, ,,
0.583494240000000,@,,
0.583589600000000,\xD5,,
0.583685120000000,\xC5,,
0.583780480000000,\xEB,,
0.583875840000000,\xD5,,
0.583971200000000,E,,
0.584066560000000,U,,
0.584162080000000,\xA8,,
0.584257440000000,\xC5,,
0.584352800000000,\xDC,,
0.584448160000000,\xD5,,
0.584543520000000,\xDC,,
0.584638880000000,U,,
0.584734400000000,\xDC,,
0.584829760000000,\xC5,,
0.584925120000000,\xDC,,
0.585020480000000,\xD5,,
0.585115840000000,\xDC,,
0.585211360000000,U,,
0.585306720000000,\xDC,,
0.585402080000000,\xC5,,
0.585497440000000,\xDC,,
0.585592800000000,\xD5,,
0.585688160000000,\xDC,,
0.585783680000000,U,,
0.585879040000000,\xDC,,
0.585974400000000,\x05,,
0.586069760000000,\xDC,,
0.586165120000000,\x05,,
0.586260480000000,\x94,,
0.586356000000000,\xEC,,
0.587398720000000, ,,
0.587494240000000,@,,
0.587589600000000,\xD5,,
0.587684960000000,\xC5,,
0.587780320000000,\xEB,,
0.587875680000000,\xD5,,
0.587971200000000,E,,
0.588066560000000,U,,
0.588161920000000,\xA8,,
0.588257280000000,\xC5,,
0.588352640000000,\xDC,,
0.588448000000000,\xD5,,
0.588543520000000,\xDC,,
0.588638880000000,U,,
0.588734240000000,\xDC,,
0.588829600000000,\xC5,,
0.588924960000000,\xDC,,
0.589020480000000,\xD5,,
0.589115840000000,\xDC,,
0.589211200000000,U,,
0.589306560000000,\xDC,,
0.589401920000000,\xC5,,
0.589497280000000,\xDC,,
0.589592800000000,\xD5,,
0.589688160000000,\xDC,,
0.589783520000000,U,,
0.589878880000000,\xDC,,
0.589974240000000,\x05,,
0.590069760000000,\xDC,,
0.590165120000000,\x05,,
0.590260480000000,\x94,,
0.590355840000000,\xEC,,
0.591398720000000, ,,
0.591494080000000,@,,
0.591589600000000,\xD5,,
0.591684960000000,\xC5,,
0.591780320000000,\xEB,,
0.591875680000000,\xD5,,
0.591971040000000,E,,
0.592066400000000,U,,
0.592161920000000,\xA8,,
0.592257280000000,\xC5,,
0.592352640000000,\xDC,,
0.592448000000000,\xD5,,
0.592543360000000,\xDC,,
0.592638880000000,U,,
0.592734240000000,\xDC,,
0.592829600000000,\xC5,,
0.592924960000000,\xDC,,
0.593020320000000,\xD5,,
0.593115680000000,\xDC,,
0.593211200000000,U,,
0.593306560000000,\xDC,,
0.593401920000000,\xC5,,
0.593497280000000,\xDC,,
0.593592640000000,\xD5,,
0.593688160000000,\xDC,,
0.593783520000000,U,,
0.593878880000000,\xDC,,
0.593974240000000,\x05,,
0.594069600000000,\xDC,,
0.594164960000000,\x05,,
0.594260480000000,\x94,,
0.594355840000000,\xEC,,
0.595398720000000, ,,
0.595494080000000,@,,
0.595589440000000,\xD5,,
0.595684800000000,\xC5,,
0.595780160000000,\xEB,,
0.595875680000000,\xD5,,
0.595971040000000,E,,
0.596066400000000,U,,
0.596161760000000,\xA8,,
0.596257120000000,\xC5,,
0.596352640000000,\xDC,,
0.596448000000000,\xD5,,
0.596543360000000,\xDC,,
0.596638720000000,U,,
0.596734080000000,\xDC,,
0.596829440000000,\xC5,,
0.596924960000000,\xDC,,
0.597020320000000,\xD5,,
0.597115680000000,\xDC,,
0.597211040000000,U,,
0.597306400000000,\xDC,,
0.597401760000000,\xC5,,
0.597497280000000,\xDC,,
0.597592640000000,\xD5,,
0.597688000000000,\xDC,,
0.597783360000000,U,,
0.597878720000000,\xDC,,
0.597974240000000,\x05,,
0.598069600000000,\xDC,,
0.598164960000000,\x05,,
0.598260320000000,\x94,,
0.598355680000000,\xEC,,
0.599398560000000, ,,
0.599493920000000,@,,
0.599589280000000,\xD5,,
0.599684800000000,\xC5,,
0.599780160000000,\xEB,,
0.599875520000000,\xD5,,
0.599970880000000,E,,
0.600066240000000,U,,
0.600161760000000,\xA8,,
0.600257120000000,\xC5,,
0.600352480000000,\xDC,,
0.600447840000000,\xD5,,
0.600543200000000,\xDC,,
0.600638560000000,U,,
0.600734080000000,\xDC,,
0.600829440000000,\xC5,,
0.600924800000000,\xDC,,
0.601020160000000,\xD5,,
0.601115520000000,\xDC,,
0.601211040000000,U,,
0.601306400000000,\xDC,,
0.601401760000000,\xC5,,
0.601497120000000,\xDC,,
0.601592480000000,\xD5,,
0.601687840000000,\xDC,,
0.601783360000000,U,,
0.601878720000000,\xDC,,
0.601974080000000,\x05,,
0.602069440000000,\xDC,,
0.602164800000000,\x05,,
0.602260160000000,\x94,,
0.602355680000000,\xEC,,
0.603398560000000, ,,
0.603493920000000,@,,
0.603589280000000,\xD5,,
0.603684800000000,\xC5,,
0.603780160000000,\xEB,,
0.603875520000000,\xD5,,
0.603970880000000,E,,
0.604066240000000,U,,
0.604161600000000,\xA8,,
0.604257120000000,\xC5,,
0.604352480000000,\xDC,,
0.604447840000000,\xD5,,
0.604543200000000,\xDC,,
0.604638560000000,U,,
0.604734080000000,\xDC,,
0.604829440000000,\xC5,,
0.604924800000000,\xDC,,
0.605020160000000,\xD5,,
0.605115520000000,\xDC,,
0.605210880000000,U,,
0.605306400000000,\xDC,,
0.605401760000000,\xC5,,
0.605497120000000,\xDC,,
0.605592480000000,\xD5,,
0.605687840000000,\xDC,,
0.605783360000000,U,,
0.605878720000000,\xDC,,
0.605974080000000,\x05,,
0.606069440000000,\xDC,,
0.606164800000000,\x05,,
0.606260160000000,\x94,,
0.606355680000000,\xEC,,
0.607408160000000, ,,
0.607503520000000,@,,
0.607598880000000,\xD5,,
0.607694240000000,\xC5,,
0.607789600000000,\xEB,,
0.607885120000000,\xD5,,
0.607980480000000,E,,
0.608075840000000,U,,
0.608171200000000,\xA8,,
0.608266560000000,\xC5,,
0.608362080000000,\xDC,,
0.608457440000000,\xD5,,
0.608552800000000,\xDC,,
0.608648160000000,U,,
0.608743520000000,\xDC,,
0.608838880000000,\xC5,,
0.608934400000000,\xDC,,
0.609029760000000,\xD5,,
0.609125120000000,\xDC,,
0.609220480000000,U,,
0.609315840000000,\xDC,,
0.609411200000000,\xC5,,
0.609506720000000,\xDC,,
0.609602080000000,\xD5,,
0.609697440000000,\xDC,,
0.609792800000000,U,,
0.609888160000000,\xDC,,
0.609983680000000,\x05,,
0.610079040000000,\xDC,,
0.610174400000000,\x05,,
0.610269760000000,\x94,,
0.610365120000000,\xEC,,
0.611411840000000, ,,
0.611507200000000,@,,
0.611602560000000,\xD5,,
0.611698080000000,\xC5,,
0.611793440000000,\xEB,,
0.611888800000000,\xD5,,
0.611984160000000,E,,
0.612079520000000,U,,
0.612174880000000,\xA8,,
0.612270400000000,\xC5,,
0.612365760000000,\xDC,,
0.612461120000000,\xD5,,
0.612556480000000,\xDC,,
0.612651840000000,U,,
0.612747360000000,\xDC,,
0.612842720000000,\xC5,,
0.612938080000000,\xDC,,
0.613033440000000,\xD5,,
0.613128800000000,\xDC,,
0.613224320000000,U,,
0.613319680000000,\xDC,,
0.613415040000000,\xC5,,
0.613510400000000,\xDC,,
0.613605760000000,\xD5,,
0.613701120000000,\xDC,,
0.613796640000000,U,,
0.613892000000000,\xDC,,
0.613987360000000,\x05,,
0.614082720000000,\xDC,,
0.614178080000000,\x05,,
0.614273600000000,\x94,,
0.614368960000000,\xEC,,
0.615398240000000, ,,
0.615493600000000,@,,
0.615589120000000,\xD5,,
0.615684480000000,\xC5,,
0.615779840000000,\xEB,,
0.615875200000000,\xD5,,
0.615970560000000,E,,
0.616066080000000,U,,
0.616161440000000,\xA8,,
0.616256800000000,\xC5,,
0.616352160000000,\xDC,,
0.616447520000000,\xD5,,
0.616542880000000,\xDC,,
0.616638400000000,U,,
0.616733760000000,\xDC,,
0.616829120000000,\xC5,,
0.616924480000000,\xDC,,
0.617019840000000,\xD5,,
0.617115360000000,\xDC,,
0.617210720000000,U,,
0.617306080000000,\xDC,,
0.617401440000000,\xC5,,
0.617496800000000,\xDC,,
0.617592320000000,\xD5,,
0.617687680000000,\xDC,,
0.617783040000000,U,,
0.617878400000000,\xDC,,
0.617973760000000,\x05,,
0.618069120000000,\xDC,,
0.618164640000000,\x05,,
0.618260000000000,\x94,,
0.618355360000000,\xEC,,
0.619398240000000, ,,
0.619493600000000,@,,
0.619588960000000,\xD5,,
0.619684480000000,\xC5,,
0.619779840000000,\xEB,,
0.619875200000000,\xD5,,
0.619970560000000,E,,
0.620065920000000,U,,
0.620161440000000,\xA8,,
0.620256800000000,\xC5,,
0.620352160000000,\xDC,,
0.620447520000000,\xD5,,
0.620542880000000,\xDC,,
0.620638240000000,U,,
0.620733760000000,\xDC,,
0.620829120000000,\xC5,,
0.620924480000000,\xDC,,
0.621019840000000,\xD5,,
0.621115200000000,\xDC,,
0.621210720000000,U,,
0.621306080000000,\xDC,,
0.621401440000000,\xC5,,
0.621496800000000,\xDC,,
0.621592160000000,\xD5,,
0.621687520000000,\xDC,,
0.621783040000000,U,,
0.621878400000000,\xDC,,
0.621973760000000,\x05,,
0.622069120000000,\xDC,,
0.622164480000000,\x05,,
0.622259840000000,\x94,,
0.622355360000000,\xEC,,
0.623398080000000, ,,
0.623493600000000,@,,
0.623588960000000,\xD5,,
0.623684320000000,\xC5,,
0.623779680000000,\xEB,,
0.623875040000000,\xD5,,
0.623970560000000,E,,
0.624065920000000,U,,
0.624161280000000,\xA8,,
0.624256640000000,\xC5,,
0.624352000000000,\xDC,,
0.624447360000000,\xD5,,
0.624542880000000,\xDC,,
0.624638240000000,U,,
0.624733600000000,\xDC,,
0.624828960000000,\xC5,,
0.624924320000000,\xDC,,
0.625019840000000,\xD5,,
0.625115200000000,\xDC,,
0.625210560000000,U,,
0.625305920000000,\xDC,,
0.625401280000000,\xC5,,
0.625496640000000,\xDC,,
0.625592160000000,\xD5,,
0.625687520000000,\xDC,,
0.625782880000000,U,,
0.625878240000000,\xDC,,
0.625973600000000,\x05,,
0.626068960000000,\xDC,,
0.626164480000000,\x05,,
0.626259840000000,\x94,,
0.626355200000000,\xEC,,
0.627417120000000, ,,
0.627512480000000,@,,
0.627607840000000,\xD5,,
0.627703200000000,\xC5,,
0.627798720000000,\xEB,,
0.627894080000000,\xD5,,
0.627989440000000,E,,
0.628084800000000,U,,
0.628180160000000,\xA8,,
0.628275520000000,\xC5,,
0.628371040000000,\xDC,,
0.628466400000000,\xD5,,
0.628561760000000,\xDC,,
0.628657120000000,U,,
0.628752480000000,\xDC,,
0.628848000000000,\xC5,,
0.628943360000000,\xDC,,
0.629038720000000,\xD5,,
0.629134080000000,\xDC,,
0.629229440000000,U,,
0.629324800000000,\xDC,,
0.629420320000000,\xC5,,
0.629515680000000,\xDC,,
0.629611040000000,\xD5,,
0.629706400000000,\xDC,,
0.629801760000000,U,,
0.629897280000000,\xDC,,
0.629992640000000,\x05,,
0.630088000000000,\xDC,,
0.630183360000000,\x05,,
0.630278720000000,\x94,,
0.630374080000000,\xEC,,
0.631398080000000, ,,
0.631493440000000,@,,
0.631588800000000,\xD5,,
0.631684160000000,\xC5,,
0.631779520000000,\xEB,,
0.631875040000000,\xD5,,
0.631970400000000,E,,
0.632065760000000,U,,
0.632161120000000,\xA8,,
0.632256480000000,\xC5,,
0.632351840000000,\xDC,,
0.632447360000000,\xD5,,
0.632542720000000,\xDC,,
0.632638080000000,U,,
0.632733440000000,\xDC,,
0.632828800000000,\xC5,,
0.632924320000000,\xDC,,
0.633019680000000,\xD5,,
0.633115040000000,\xDC,,
0.633210400000000,U,,
0.633305760000000,\xDC,,
0.633401120000000,\xC5,,
0.633496640000000,\xDC,,
0.633592000000000,\xD5,,
0.633687360000000,\xDC,,
0.633782720000000,U,,
0.633878080000000,\xDC,,
0.633973600000000,\x05,,
0.634068960000000,\xDC,,
0.634164320000000,\x05,,
0.634259680000000,\x94,,
0.634355040000000,\xEC,,
0.635397920000000, ,,
0.635493280000000,@,,
0.635588800000000,\xD5,,
0.635684160000000,\xC5,,
0.635779520000000,\xEB,,
0.635874880000000,\xD5,,
0.635970240000000,E,,
0.636065760000000,U,,
0.636161120000000,\xA8,,
0.636256480000000,\xC5,,
0.636351840000000,\xDC,,
0.636447200000000,\xD5,,
0.636542560000000,\xDC,,
0.636638080000000,U,,
0.636733440000000,\xDC,,
0.636828800000000,\xC5,,
0.636924160000000,\xDC,,
0.637019520000000,\xD5,,
0.637115040000000,\xDC,,
0.637210400000000,U,,
0.637305760000000,\xDC,,
0.637401120000000,\xC5,,
0.637496480000000,\xDC,,
0.637591840000000,\xD5,,
0.637687360000000,\xDC,,
0.637782720000000,U,,
0.637878080000000,\xDC,,
0.637973440000000,\x05,,
0.638068800000000,\xDC,,
0.638164320000000,\x05,,
0.638259680000000,\x94,,
0.638355040000000,\xEC,,
0.639397920000000, ,,
0.639493280000000,@,,
0.639588640000000,\xD5,,
0.639684000000000,\xC5,,
0.639779360000000,\xEB,,
0.639874880000000,\xD5,,
0.639970240000000,E,,
0.640065600000000,U,,
0.640160960000000,\xA8,,
0.640256320000000,\xC5,,
0.640351680000000,\xDC,,
0.640447200000000,\xD5,,
0.640542560000000,\xDC,,
0.640637920000000,U,,
0.640733280000000,\xDC,,
0.640828640000000,\xC5,,
0.640924160000000,\xDC,,
0.641019520000000,\xD5,,
0.641114880000000,\xDC,,
0.641210240000000,U,,
0.641305600000000,\xDC,,
0.641400960000000,\xC5,,
0.641496480000000,\xDC,,
0.641591840000000,\xD5,,
0.641687200000000,\xDC,,
0.641782560000000,U,,
0.641877920000000,\xDC,,
0.641973440000000,\x05,,
0.642068800000000,\xDC,,
0.642164160000000,\x05,,
0.642259520000000,\x94,,
0.642354880000000,\xEC,,
0.643399360000000, ,,
0.643494720000000,@,,
0.643590080000000,\xD5,,
0.643685440000000,\xC5,,
0.643780960000000,\xEB,,
0.643876320000000,\xD5,,
0.643971680000000,E,,
0.644067040000000,U,,
0.644162400000000,\xA8,,
0.644257920000000,\xC5,,
0.644353280000000,\xDC,,
0.644448640000000,\xD5,,
0.644544000000000,\xDC,,
0.644639360000000,U,,
0.644734720000000,\xDC,,
0.644830240000000,\xC5,,
0.644925600000000,\xDC,,
0.645020960000000,\xD5,,
0.645116320000000,\xDC,,
0.645211680000000,U,,
0.645307040000000,\xDC,,
0.645402560000000,\xC5,,
0.645497920000000,\xDC,,
0.645593280000000,\xD5,,
0.645688640000000,\xDC,,
0.645784000000000,U,,
0.645879520000000,\xDC,,
0.645974880000000,\x05,,
0.646070240000000,\xDC,,
0.646165600000000,\x05,,
0.646260960000000,\x94,,
0.646356320000000,\xEC,,
0.647397760000000, ,,
0.647493120000000,@,,
0.647588480000000,\xD5,,
0.647683840000000,\xC5,,
0.647779360000000,\xEB,,
0.647874720000000,\xD5,,
0.647970080000000,E,,
0.648065440000000,U,,
0.648160800000000,\xA8,,
0.648256160000000,\xC5,,
0.648351680000000,\xDC,,
0.648447040000000,\xD5,,
0.648542400000000,\xDC,,
0.648637760000000,U,,
0.648733120000000,\xDC,,
0.648828640000000,\xC5,,
0.648924000000000,\xDC,,
0.649019360000000,\xD5,,
0.649114720000000,\xDC,,
0.649210080000000,U,,
0.649305440000000,\xDC,,
0.649400960000000,\xC5,,
0.649496320000000,\xDC,,
0.649591680000000,\xD5,,
0.649687040000000,\xDC,,
0.649782400000000,U,,
0.649877920000000,\xDC,,
0.649973280000000,\x05,,
0.650068640000000,\xDC,,
0.650164000000000,\x05,,
0.650259360000000,\x94,,
0.650354720000000,\xEC,,
0.651408160000000, ,,
0.651503520000000,@,,
0.651598880000000,\xD5,,
0.651694240000000,\xC5,,
0.651789600000000,\xEB,,
0.651885120000000,\xD5,,
0.651980480000000,E,,
0.652075840000000,U,,
0.652171200000000,\xA8,,
0.652266560000000,\xC5,,
0.652361920000000,\xDC,,
0.652457440000000,\xD5,,
0.652552800000000,\xDC,,
0.652648160000000,U,,
0.652743520000000,\xDC,,
0.652838880000000,\xC5,,
0.652934240000000,\xDC,,
0.653029760000000,\xD5,,
0.653125120000000,\xDC,,
0.653220480000000,U,,
0.653315840000000,\xDC,,
0.653411200000000,\xC5,,
0.653506720000000,\xDC,,
0.653602080000000,\xD5,,
0.653697440000000,\xDC,,
0.653792800000000,U,,
0.653888160000000,\xDC,,
0.653983520000000,\x05,,
0.654079040000000,\xDC,,
0.654174400000000,\x05,,
0.654269760000000,\x94,,
0.654365120000000,\xEC,,
0.655399200000000, ,,
0.655494560000000,@,,
0.655589920000000,\xD5,,
0.655685280000000,\xC5,,
0.655780640000000,\xEB,,
0.655876160000000,\xD5,,
0.655971520000000,E,,
0.656066880000000,U,,
0.656162240000000,\xA8,,
0.656257600000000,\xC5,,
0.656352960000000,\xDC,,
0.656448480000000,\xD5,,
0.656543840000000,\xDC,,
0.656639200000000,U,,
0.656734560000000,\xDC,,
0.656829920000000,\xC5,,
0.656925280000000,\xDC,,
0.657020800000000,\xD5,,
0.657116160000000,\xDC,,
0.657211520000000,U,,
0.657306880000000,\xDC,,
0.657402240000000,\xC5,,
0.657497760000000,\xDC,,
0.657593120000000,\xD5,,
0.657688480000000,\xDC,,
0.657783840000000,U,,
0.657879200000000,\xDC,,
0.657974560000000,\x05,,
0.658070080000000,\xDC,,
0.658165440000000,\x05,,
0.658260800000000,\x94,,
0.658356160000000,\xEC,,
0.659397440000000, ,,
0.659492960000000,@,,
0.659588320000000,\xD5,,
0.659683680000000,\xC5,,
0.659779040000000,\xEB,,
0.659874400000000,\xD5,,
0.659969920000000,E,,
0.660065280000000,U,,
0.660160640000000,\xA8,,
0.660256000000000,\xC5,,
0.660351360000000,\xDC,,
0.660446720000000,\xD5,,
0.660542240000000,\xDC,,
0.660637600000000,U,,
0.660732960000000,\xDC,,
0.660828320000000,\xC5,,
0.660923680000000,\xDC,,
0.661019200000000,\xD5,,
0.661114560000000,\xDC,,
0.661209920000000,U,,
0.661305280000000,\xDC,,
0.661400640000000,\xC5,,
0.661496160000000,\xDC,,
0.661591520000000,\xD5,,
0.661686880000000,\xDC,,
0.661782240000000,U,,
0.661877600000000,\xDC,,
0.661972960000000,\x05,,
0.662068480000000,\xDC,,
0.662163840000000,\x05,,
0.662259200000000,\x94,,
0.662354560000000,\xEC,,
0.663424800000000, ,,
0.663520160000000,@,,
0.663615520000000,\xD5,,
0.663710880000000,\xC5,,
0.663806240000000,\xEB,,
0.663901760000000,\xD5,,
0.663997120000000,E,,
0.664092480000000,U,,
0.664187840000000,\xA8,,
0.664283200000000,\xC5,,
0.664378720000000,\xDC,,
0.664474080000000,\xD5,,
0.664569440000000,\xDC,,
0.664664800000000,U,,
0.664760160000000,\xDC,,
0.664855520000000,\xC5,,
0.664951040000000,\xDC,,
0.665046400000000,\xD5,,
0.665141760000000,\xDC,,
0.665237120000000,U,,
0.665332480000000,\xDC,,
0.665428000000000,\xC5,,
0.665523360000000,\xDC,,
0.665618720000000,\xD5,,
0.665714080000000,\xDC,,
0.665809440000000,U,,
0.665904800000000,\xDC,,
0.666000320000000,\x05,,
0.666095680000000,\xDC,,
0.666191040000000,\x05,,
0.666286400000000,\x94,,
0.666381760000000,\xEC,,
0.667397440000000, ,,
0.667492800000000,@,,
0.667588160000000,\xD5,,
0.667683520000000,\xC5,,
0.667779040000000,\xEB,,
0.667874400000000,\xD5,,
0.667969760000000,E,,
0.668065120000000,U,,
0.668160480000000,\xA8,,
0.668255840000000,\xC5,,
0.668351360000000,\xDC,,
0.668446720000000,\xD5,,
0.668542080000000,\xDC,,
0.668637440000000,U,,
0.668732800000000,\xDC,,
0.668828320000000,\xC5,,
0.668923680000000,\xDC,,
0.669019040000000,\xD5,,
0.669114400000000,\xDC,,
0.669209760000000,U,,
0.669305120000000,\xDC,,
0.669400640000000,\xC5,,
0.669496000000000,\xDC,,
0.669591360000000,\xD5,,
0.669686720000000,\xDC,,
0.669782080000000,U,,
0.669877600000000,\xDC,,
0.669972960000000,\x05,,
0.670068320000000,\xDC,,
0.670163680000000,\x05,,
0.670259040000000,\x94,,
0.670354400000000,\xEC,,
0.671397280000000, ,,
0.671492800000000,@,,
0.671588160000000,\xD5,,
0.671683520000000,\xC5,,
0.671778880000000,\xEB,,
0.671874240000000,\xD5,,
0.671969760000000,E,,
0.672065120000000,U,,
0.672160480000000,\xA8,,
0.672255840000000,\xC5,,
0.672351200000000,\xDC,,
0.672446560000000,\xD5,,
0.672542080000000,\xDC,,
0.672637440000000,U,,
0.672732800000000,\xDC,,
0.672828160000000,\xC5,,
0.672923520000000,\xDC,,
0.673019040000000,\xD5,,
0.673114400000000,\xDC,,
0.673209760000000,U,,
0.673305120000000,\xDC,,
0.673400480000000,\xC5,,
0.673495840000000,\xDC,,
0.673591360000000,\xD5,,
0.673686720000000,\xDC,,
0.673782080000000,U,,
0.673877440000000,\xDC,,
0.673972800000000,\x05,,
0.674068160000000,\xDC,,
0.674163680000000,\x05,,
0.674259040000000,\x94,,
0.674354400000000,\xEC,,
0.675397280000000, ,,
0.675492640000000,@,,
0.675588000000000,\xD5,,
0.675683520000000,\xC5,,
0.675778880000000,\xEB,,
0.675874240000000,\xD5,,
0.675969600000000,E,,
0.676064960000000,U,,
0.676160480000000,\xA8,,
0.676255840000000,\xC5,,
0.676351200000000,\xDC,,
0.676446560000000,\xD5,,
0.676541920000000,\xDC,,
0.676637280000000,U,,
0.676732800000000,\xDC,,
0.676828160000000,\xC5,,
0.676923520000000,\xDC,,
0.677018880000000,\xD5,,
0.677114240000000,\xDC,,
0.677209760000000,U,,
0.677305120000000,\xDC,,
0.677400480000000,\xC5,,
0.677495840000000,\xDC,,
0.677591200000000,\xD5,,
0.677686720000000,\xDC,,
0.677782080000000,U,,
0.677877440000000,\xDC,,
0.677972800000000,\x05,,
0.678068160000000,\xDC,,
0.678163520000000,\x05,,
0.678259040000000,\x94,,
0.678354400000000,\xEC,,
0.679397120000000, ,,
0.679492640000000,@,,
0.679588000000000,\xD5,,
0.679683360000000,\xC5,,
0.679778720000000,\xEB,,
0.679874080000000,\xD5,,
0.679969600000000,E,,
0.680064960000000,U,,
0.680160320000000,\xA8,,
0.680255680000000,\xC5,,
0.680351040000000,\xDC,,
0.680446400000000,\xD5,,
0.680541920000000,\xDC,,
0.680637280000000,U,,
0.680732640000000,\xDC,,
0.680828000000000,\xC5,,
0.680923360000000,\xDC,,
0.681018880000000,\xD5,,
0.681114240000000,\xDC,,
0.681209600000000,U,,
0.681304960000000,\xDC,,
0.681400320000000,\xC5,,
0.681495840000000,\xDC,,
0.681591200000000,\xD5,,
0.681686560000000,\xDC,,
0.681781920000000,U,,
0.681877280000000,\xDC,,
0.681972640000000,\x05,,
0.682068160000000,\xDC,,
0.682163520000000,\x05,,
0.682258880000000,\x94,,
0.682354240000000,\xEC,,
0.683397120000000, ,,
0.683492480000000,@,,
0.683587840000000,\xD5,,
0.683683360000000,\xC5,,
0.683778720000000,\xEB,,
0.683874080000000,\xD5,,
0.683969440000000,E,,
0.684064800000000,U,,
0.684160160000000,\xA8,,
0.684255680000000,\xC5,,
0.684351040000000,\xDC,,
0.684446400000000,\xD5,,
0.684541760000000,\xDC,,
0.684637120000000,U,,
0.684732640000000,\xDC,,
0.684828000000000,\xC5,,
0.684923360000000,\xDC,,
0.685018720000000,\xD5,,
0.685114080000000,\xDC,,
0.685209440000000,U,,
0.685304960000000,\xDC,,
0.685400320000000,\xC5,,
0.685495680000000,\xDC,,
0.685591040000000,\xD5,,
0.685686400000000,\xDC,,
0.685781920000000,U,,
0.685877280000000,\xDC,,
0.685972640000000,\x05,,
0.686068000000000,\xDC,,
0.686163360000000,\x05,,
0.686258720000000,\x94,,
0.686354240000000,\xEC,,
0.687397120000000, ,,
0.687492480000000,@,,
0.687587840000000,\xD5,,
0.687683200000000,\xC5,,
0.687778560000000,\xEB,,
0.687873920000000,\xD5,,
0.687969440000000,E,,
0.688064800000000,U,,
0.688160160000000,\xA8,,
0.688255520000000,\xC5,,
0.688350880000000,\xDC,,
0.688446240000000,\xD5,,
0.688541760000000,\xDC,,
0.688637120000000,U,,
0.688732480000000,\xDC,,
0.688827840000000,\xC5,,
0.688923200000000,\xDC,,
0.689018720000000,\xD5,,
0.689114080000000,\xDC,,
0.689209440000000,U,,
0.689304800000000,\xDC,,
0.689400160000000,\xC5,,
0.689495520000000,\xDC,,
0.689591040000000,\xD5,,
0.689686400000000,\xDC,,
0.689781760000000,U,,
0.689877120000000,\xDC,,
0.689972480000000,\x05,,
0.690068000000000,\xDC,,
0.690163360000000,\x05,,
0.690258720000000,\x94,,
0.690354080000000,\xEC,,
0.691396960000000, ,,
0.691492320000000,@,,
0.691587680000000,\xD5,,
0.691683200000000,\xC5,,
0.691778560000000,\xEB,,
0.691873920000000,\xD5,,
0.691969280000000,E,,
0.692064640000000,U,,
0.692160000000000,\xA8,,
0.692255520000000,\xC5,,
0.692350880000000,\xDC,,
0.692446240000000,\xD5,,
0.692541600000000,\xDC,,
0.692636960000000,U,,
0.692732480000000,\xDC,,
0.692827840000000,\xC5,,
0.692923200000000,\xDC,,
0.693018560000000,\xD5,,
0.693113920000000,\xDC,,
0.693209280000000,U,,
0.693304800000000,\xDC,,
0.693400160000000,\xC5,,
0.693495520000000,\xDC,,
0.693590880000000,\xD5,,
0.693686240000000,\xDC,,
0.693781760000000,U,,
0.693877120000000,\xDC,,
0.693972480000000,\x05,,
0.694067840000000,\xDC,,
0.694163200000000,\x05,,
0.694258560000000,\x94,,
0.694354080000000,\xEC,,
0.695396960000000, ,,
0.695492320000000,@,,
0.695587680000000,\xD5,,
0.695683040000000,\xC5,,
0.695778400000000,\xEB,,
0.695873920000000,\xD5,,
0.695969280000000,E,,
0.696064640000000,U,,
0.696160000000000,\xA8,,
0.696255360000000,\xC5,,
0.696350880000000,\xDC,,
0.696446240000000,\xD5,,
0.696541600000000,\xDC,,
0.696636960000000,U,,
0.696732320000000,\xDC,,
0.696827680000000,\xC5,,
0.696923200000000,\xDC,,
0.697018560000000,\xD5,,
0.697113920000000,\xDC,,
0.697209280000000,U,,
0.697304640000000,\xDC,,
0.697400000000000,\xC5,,
0.697495520000000,\xDC,,
0.697590880000000,\xD5,,
0.697686240000000,\xDC,,
0.697781600000000,U,,
0.697876960000000,\xDC,,
0.697972480000000,\x05,,
0.698067840000000,\xDC,,
0.698163200000000,\x05,,
0.698258560000000,\x94,,
0.698353920000000,\xEC,,
0.699396800000000, ,,
0.699492320000000,@,,
0.699587680000000,\xD5,,
0.699683040000000,\xC5,,
0.699778400000000,\xEB,,
0.699873760000000,\xD5,,
0.699969280000000,E,,
0.700064640000000,U,,
0.700160000000000,\xA8,,
0.700255360000000,\xC5,,
0.700350720000000,\xDC,,
0.700446080000000,\xD5,,
0.700541600000000,\xDC,,
0.700636960000000,U,,
0.700732320000000,\xDC,,
0.700827680000000,\xC5,,
0.700923040000000,\xDC,,
0.701018560000000,\xD5,,
0.701113920000000,\xDC,,
0.701209280000000,U,,
0.701304640000000,\xDC,,
0.701400000000000,\xC5,,
0.701495520000000,\xDC,,
0.701590880000000,\xD5,,
0.701686240000000,\xDC,,
0.701781600000000,U,,
0.701876960000000,\xDC,,
0.701972320000000,\x05,,
0.702067840000000,\xDC,,
0.702163200000000,\x05,,
0.702258560000000,\x94,,
0.702353920000000,\xEC,,
0.703396800000000, ,,
0.703492160000000,@,,
0.703587520000000,\xD5,,
0.703682880000000,\xC5,,
0.703778240000000,\xEB,,
0.703873760000000,\xD5,,
0.703969120000000,E,,
0.704064480000000,U,,
0.704159840000000,\xA8,,
0.704255200000000,\xC5,,
0.704350720000000,\xDC,,
0.704446080000000,\xD5,,
0.704541440000000,\xDC,,
0.704636800000000,U,,
0.704732160000000,\xDC,,
0.704827520000000,\xC5,,
0.704923040000000,\xDC,,
0.705018400000000,\xD5,,
0.705113760000000,\xDC,,
0.705209120000000,U,,
0.705304480000000,\xDC,,
0.705400000000000,\xC5,,
0.705495360000000,\xDC,,
0.705590720000000,\xD5,,
0.705686080000000,\xDC,,
0.705781440000000,U,,
0.705876800000000,\xDC,,
0.705972320000000,\x05,,
0.706067680000000,\xDC,,
0.706163040000000,\x05,,
0.706258400000000,\x94,,
0.706353760000000,\xEC,,
0.707404320000000, ,,
0.707499840000000,@,,
0.707595200000000,\xD5,,
0.707690560000000,\xC5,,
0.707785920000000,\xEB,,
0.707881280000000,\xD5,,
0.707976640000000,E,,
0.708072160000000,U,,
0.708167520000000,\xA8,,
0.708262880000000,\xC5,,
0.708358240000000,\xDC,,
0.708453600000000,\xD5,,
0.708549120000000,\xDC,,
0.708644480000000,U,,
0.708739840000000,\xDC,,
0.708835200000000,\xC5,,
0.708930560000000,\xDC,,
0.709025920000000,\xD5,,
0.709121440000000,\xDC,,
0.709216800000000,U,,
0.709312160000000,\xDC,,
0.709407520000000,\xC5,,
0.709502880000000,\xDC,,
0.709598240000000,\xD5,,
0.709693760000000,\xDC,,
0.709789120000000,U,,
0.709884480000000,\xDC,,
0.709979840000000,\x05,,
0.710075200000000,\xDC,,
0.710170720000000,\x05,,
0.710266080000000,\x94,,
0.710361440000000,\xEC,,
0.711396640000000, ,,
0.711492000000000,@,,
0.711587360000000,\xD5,,
0.711682880000000,\xC5,,
0.711778240000000,\xEB,,
0.711873600000000,\xD5,,
0.711968960000000,E,,
0.712064320000000,U,,
0.712159840000000,\xA8,,
0.712255200000000,\xC5,,
0.712350560000000,\xDC,,
0.712445920000000,\xD5,,
0.712541280000000,\xDC,,
0.712636640000000,U,,
0.712732160000000,\xDC,,
0.712827520000000,\xC5,,
0.712922880000000,\xDC,,
0.713018240000000,\xD5,,
0.713113600000000,\xDC,,
0.713209120000000,U,,
0.713304480000000,\xDC,,
0.713399840000000,\xC5,,
0.713495200000000,\xDC,,
0.713590560000000,\xD5,,
0.713685920000000,\xDC,,
0.713781440000000,U,,
0.713876800000000,\xDC,,
0.713972160000000,\x05,,
0.714067520000000,\xDC,,
0.714162880000000,\x05,,
0.714258400000000,\x94,,
0.714353760000000,\xEC,,
0.715396640000000, ,,
0.715492000000000,@,,
0.715587360000000,\xD5,,
0.715682720000000,\xC5,,
0.715778240000000,\xEB,,
0.715873600000000,\xD5,,
0.715968960000000,E,,
0.716064320000000,U,,
0.716159680000000,\xA8,,
0.716255040000000,\xC5,,
0.716350560000000,\xDC,,
0.716445920000000,\xD5,,
0.716541280000000,\xDC,,
0.716636640000000,U,,
0.716732000000000,\xDC,,
0.716827520000000,\xC5,,
0.716922880000000,\xDC,,
0.717018240000000,\xD5,,
0.717113600000000,\xDC,,
0.717208960000000,U,,
0.717304320000000,\xDC,,
0.717399840000000,\xC5,,
0.717495200000000,\xDC,,
0.717590560000000,\xD5,,
0.717685920000000,\xDC,,
0.717781280000000,U,,
0.717876640000000,\xDC,,
0.717972160000000,\x05,,
0.718067520000000,\xDC,,
0.718162880000000,\x05,,
0.718258240000000,\x94,,
0.718353600000000,\xEC,,
0.719396480000000, ,,
0.719491840000000,@,,
0.719587200000000,\xD5,,
0.719682720000000,\xC5,,
0.719778080000000,\xEB,,
0.719873440000000,\xD5,,
0.719968800000000,E,,
0.720064160000000,U,,
0.720159680000000,\xA8,,
0.720255040000000,\xC5,,
0.720350400000000,\xDC,,
0.720445760000000,\xD5,,
0.720541120000000,\xDC,,
0.720636480000000,U,,
0.720732000000000,\xDC,,
0.720827360000000,\xC5,,
0.720922720000000,\xDC,,
0.721018080000000,\xD5,,
0.721113440000000,\xDC,,
0.721208960000000,U,,
0.721304320000000,\xDC,,
0.721399680000000,\xC5,,
0.721495040000000,\xDC,,
0.721590400000000,\xD5,,
0.721685760000000,\xDC,,
0.721781280000000,U,,
0.721876640000000,\xDC,,
0.721972000000000,\x05,,
0.722067360000000,\xDC,,
0.722162720000000,\x05,,
0.722258080000000,\x94,,
0.722353600000000,\xEC,,
0.723409440000000, ,,
0.723504800000000,@,,
0.723600160000000,\xD5,,
0.723695520000000,\xC5,,
0.723790880000000,\xEB,,
0.723886240000000,\xD5,,
0.723981760000000,E,,
0.724077120000000,U,,
0.724172480000000,\xA8,,
0.724267840000000,\xC5,,
0.724363200000000,\xDC,,
0.724458720000000,\xD5,,
0.724554080000000,\xDC,,
0.724649440000000,U,,
0.724744800000000,\xDC,,
0.724840160000000,\xC5,,
0.724935520000000,\xDC,,
0.725031040000000,\xD5,,
0.725126400000000,\xDC,,
0.725221760000000,U,,
0.725317120000000,\xDC,,
0.725412480000000,\xC5,,
0.725507840000000,\xDC,,
0.725603360000000,\xD5,,
0.725698720000000,\xDC,,
0.725794080000000,U,,
0.725889440000000,\xDC,,
0.725984800000000,\x05,,
0.726080320000000,\xDC,,
0.726175680000000,\x05,,
0.726271040000000,\x94,,
0.726366400000000,\xEC,,
0.727406240000000, ,,
0.727501760000000,@,,
0.727597120000000,\xD5,,
0.727692480000000,\xC5,,
0.727787840000000,\xEB,,
0.727883200000000,\xD5,,
0.727978560000000,E,,
0.728074080000000,U,,
0.728169440000000,\xA8,,
0.728264800000000,\xC5,,
0.728360160000000,\xDC,,
0.728455520000000,\xD5,,
0.728551040000000,\xDC,,
0.728646400000000,U,,
0.728741760000000,\xDC,,
0.728837120000000,\xC5,,
0.728932480000000,\xDC,,
0.729027840000000,\xD5,,
0.729123360000000,\xDC,,
0.729218720000000,U,,
0.729314080000000,\xDC,,
0.729409440000000,\xC5,,
0.729504800000000,\xDC,,
0.729600160000000,\xD5,,
0.729695680000000,\xDC,,
0.729791040000000,U,,
0.729886400000000,\xDC,,
0.729981760000000,\x05,,
0.730077120000000,\xDC,,
0.730172640000000,\x05,,
0.730268000000000,\x94,,
0.730363360000000,\xEC,,
0.731396320000000, ,,
0.731491680000000,@,,
0.731587040000000,\xD5,,
0.731682560000000,\xC5,,
0.731777920000000,\xEB,,
0.731873280000000,\xD5,,
0.731968640000000,E,,
0.732064000000000,U,,
0.732159360000000,\xA8,,
0.732254880000000,\xC5,,
0.732350240000000,\xDC,,
0.732445600000000,\xD5,,
0.732540960000000,\xDC,,
0.732636320000000,U,,
0.732731840000000,\xDC,,
0.732827200000000,\xC5,,
0.732922560000000,\xDC,,
0.733017920000000,\xD5,,
0.733113280000000,\xDC,,
0.733208640000000,U,,
0.733304160000000,\xDC,,
0.733399520000000,\xC5,,
0.733494880000000,\xDC,,
0.733590240000000,\xD5,,
0.733685600000000,\xDC,,
0.733781120000000,U,,
0.733876480000000,\xDC,,
0.733971840000000,\x05,,
0.734067200000000,\xDC,,
0.734162560000000,\x05,,
0.734257920000000,\x94,,
0.734353440000000,\xEC,,
0.735396160000000, ,,
0.735491520000000,@,,
0.735587040000000,\xD5,,
0.735682400000000,\xC5,,
0.735777760000000,\xEB,,
0.735873120000000,\xD5,,
0.735968480000000,E,,
0.736063840000000,U,,
0.736159360000000,\xA8,,
0.736254720000000,\xC5,,
0.736350080000000,\xDC,,
0.736445440000000,\xD5,,
0.736540800000000,\xDC,,
0.736636320000000,U,,
0.736731680000000,\xDC,,
0.736827040000000,\xC5,,
0.736922400000000,\xDC,,
0.737017760000000,\xD5,,
0.737113120000000,\xDC,,
0.737208640000000,U,,
0.737304000000000,\xDC,,
0.737399360000000,\xC5,,
0.737494720000000,\xDC,,
0.737590080000000,\xD5,,
0.737685440000000,\xDC,,
0.737780960000000,U,,
0.737876320000000,\xDC,,
0.737971680000000,\x05,,
0.738067040000000,\xDC,,
0.738162400000000,\x05,,
0.738257920000000,\x94,,
0.738353280000000,\xEC,,
0.739396160000000, ,,
0.739491520000000,@,,
0.739586880000000,\xD5,,
0.739682240000000,\xC5,,
0.739777600000000,\xEB,,
0.739873120000000,\xD5,,
0.739968480000000,E,,
0.740063840000000,U,,
0.740159200000000,\xA8,,
0.740254560000000,\xC5,,
0.740350080000000,\xDC,,
0.740445440000000,\xD5,,
0.740540800000000,\xDC,,
0.740636160000000,U,,
0.740731520000000,\xDC,,
0.740826880000000,\xC5,,
0.740922400000000,\xDC,,
0.741017760000000,\xD5,,
0.741113120000000,\xDC,,
0.741208480000000,U,,
0.741303840000000,\xDC,,
0.741399360000000,\xC5,,
0.741494720000000,\xDC,,
0.741590080000000,\xD5,,
0.741685440000000,\xDC,,
0.741780800000000,U,,
0.741876160000000,\xDC,,
0.741971680000000,\x05,,
0.742067040000000,\xDC,,
0.742162400000000,\x05,,
0.742257760000000,\x94,,
0.742353120000000,\xEC,,
0.743396000000000, ,,
0.743491520000000,@,,
0.743586880000000,\xD5,,
0.743682240000000,\xC5,,
0.743777600000000,\xEB,,
0.743872960000000,\xD5,,
0.743968480000000,E,,
0.744063840000000,U,,
0.744159200000000,\xA8,,
0.744254560000000,\xC5,,
0.744349920000000,\xDC,,
0.744445280000000,\xD5,,
0.744540800000000,\xDC,,
0.744636160000000,U,,
0.744731520000000,\xDC,,
0.744826880000000,\xC5,,
0.744922240000000,\xDC,,
0.745017760000000,\xD5,,
0.745113120000000,\xDC,,
0.745208480000000,U,,
0.745303840000000,\xDC,,
0.745399200000000,\xC5,,
0.745494560000000,\xDC,,
0.745590080000000,\xD5,,
0.745685440000000,\xDC,,
0.745780800000000,U,,
0.745876160000000,\xDC,,
0.745971520000000,\x05,,
0.746066880000000,\xDC,,
0.746162400000000,\x05,,
0.746257760000000,\x94,,
0.746353120000000,\xEC,,
0.747396000000000, ,,
0.747491360000000,@,,
0.747586880000000,\xD5,,
0.747682240000000,\xC5,,
0.747777600000000,\xEB,,
0.747872960000000,\xD5,,
0.747968320000000,E,,
0.748063680000000,U,,
0.748159200000000,\xA8,,
0.748254560000000,\xC5,,
0.748349920000000,\xDC,,
0.748445280000000,\xD5,,
0.748540640000000,\xDC,,
0.748636160000000,U,,
0.748731520000000,\xDC,,
0.748826880000000,\xC5,,
0.748922240000000,\xDC,,
0.749017600000000,\xD5,,
0.749112960000000,\xDC,,
0.749208480000000,U,,
0.749303840000000,\xDC,,
0.749399200000000,\xC5,,
0.749494560000000,\xDC,,
0.749589920000000,\xD5,,
0.749685440000000,\xDC,,
0.749780800000000,U,,
0.749876160000000,\xDC,,
0.749971520000000,\x05,,
0.750066880000000,\xDC,,
0.750162240000000,\x05,,
0.750257760000000,\x94,,
0.750353120000000,\xEC,,
0.751396000000000, ,,
0.751491360000000,@,,
0.751586720000000,\xD5,,
0.751682080000000,\xC5,,
0.751777600000000,\xEB,,
0.751872960000000,\xD5,,
0.751968320000000,E,,
0.752063680000000,U,,
0.752159040000000,\xA8,,
0.752254400000000,\xC5,,
0.752349920000000,\xDC,,
0.752445280000000,\xD5,,
0.752540640000000,\xDC,,
0.752636000000000,U,,
0.752731360000000,\xDC,,
0.752826880000000,\xC5,,
0.752922240000000,\xDC,,
0.753017600000000,\xD5,,
0.753112960000000,\xDC,,
0.753208320000000,U,,
0.753303680000000,\xDC,,
0.753399200000000,\xC5,,
0.753494560000000,\xDC,,
0.753589920000000,\xD5,,
0.753685280000000,\xDC,,
0.753780640000000,U,,
0.753876000000000,\xDC,,
0.753971520000000,\x05,,
0.754066880000000,\xDC,,
0.754162240000000,\x05,,
0.754257600000000,\x94,,
0.754352960000000,\xEC,,
0.755395840000000, ,,
0.755491200000000,@,,
0.755586560000000,\xD5,,
0.755681920000000,\xC5,,
0.755777440000000,\xEB,,
0.755872800000000,\xD5,,
0.755968160000000,E,,
0.756063520000000,U,,
0.756158880000000,\xA8,,
0.756254400000000,\xC5,,
0.756349760000000,\xDC,,
0.756445120000000,\xD5,,
0.756540480000000,\xDC,,
0.756635840000000,U,,
0.756731200000000,\xDC,,
0.756826720000000,\xC5,,
0.756922080000000,\xDC,,
0.757017440000000,\xD5,,
0.757112800000000,\xDC,,
0.757208160000000,U,,
0.757303680000000,\xDC,,
0.757399040000000,\xC5,,
0.757494400000000,\xDC,,
0.757589760000000,\xD5,,
0.757685120000000,\xDC,,
0.757780480000000,U,,
0.757876000000000,\xDC,,
0.757971360000000,\x05,,
0.758066720000000,\xDC,,
0.758162080000000,\x05,,
0.758257440000000,\x94,,
0.758352960000000,\xEC,,
0.759409600000000, ,,
0.759504960000000,@,,
0.759600320000000,\xD5,,
0.759695840000000,\xC5,,
0.759791200000000,\xEB,,
0.759886560000000,\xD5,,
0.759981920000000,E,,
0.760077280000000,U,,
0.760172800000000,\xA8,,
0.760268160000000,\xC5,,
0.760363520000000,\xDC,,
0.760458880000000,\xD5,,
0.760554240000000,\xDC,,
0.760649600000000,U,,
0.760745120000000,\xDC,,
0.760840480000000,\xC5,,
0.760935840000000,\xDC,,
0.761031200000000,\xD5,,
0.761126560000000,\xDC,,
0.761222080000000,U,,
0.761317440000000,\xDC,,
0.761412800000000,\xC5,,
0.761508160000000,\xDC,,
0.761603520000000,\xD5,,
0.761698880000000,\xDC,,
0.761794400000000,U,,
0.761889760000000,\xDC,,
0.761985120000000,\x05,,
0.762080480000000,\xDC,,
0.762175840000000,\x05,,
0.762271360000000,\x94,,
0.762366720000000,\xEC,,
0.763408800000000, ,,
0.763504160000000,@,,
0.763599520000000,\xD5,,
0.763694880000000,\xC5,,
0.763790240000000,\xEB,,
0.763885760000000,\xD5,,
0.763981120000000,E,,
0.764076480000000,U,,
0.764171840000000,\xA8,,
0.764267200000000,\xC5,,
0.764362560000000,\xDC,,
0.764458080000000,\xD5,,
0.764553440000000,\xDC,,
0.764648800000000,U,,
0.764744160000000,\xDC,,
0.764839520000000,\xC5,,
0.764935040000000,\xDC,,
0.765030400000000,\xD5,,
0.765125760000000,\xDC,,
0.765221120000000,U,,
0.765316480000000,\xDC,,
0.765411840000000,\xC5,,
0.765507360000000,\xDC,,
0.765602720000000,\xD5,,
0.765698080000000,\xDC,,
0.765793440000000,U,,
0.765888800000000,\xDC,,
0.765984320000000,\x05,,
0.766079680000000,\xDC,,
0.766175040000000,\x05,,
0.766270400000000,\x94,,
0.766365760000000,\xEC,,
0.767395680000000, ,,
0.767491040000000,@,,
0.767586400000000,\xD5,,
0.767681920000000,\xC5,,
0.767777280000000,\xEB,,
0.767872640000000,\xD5,,
0.767968000000000,E,,
0.768063360000000,U,,
0.768158720000000,\xA8,,
0.768254240000000,\xC5,,
0.768349600000000,\xDC,,
0.768444960000000,\xD5,,
0.768540320000000,\xDC,,
0.768635680000000,U,,
0.768731200000000,\xDC,,
0.768826560000000,\xC5,,
0.768921920000000,\xDC,,
0.769017280000000,\xD5,,
0.769112640000000,\xDC,,
0.769208000000000,U,,
0.769303520000000,\xDC,,
0.769398880000000,\xC5,,
0.769494240000000,\xDC,,
0.769589600000000,\xD5,,
0.769684960000000,\xDC,,
0.769780480000000,U,,
0.769875840000000,\xDC,,
0.769971200000000,\x05,,
0.770066560000000,\xDC,,
0.770161920000000,\x05,,
0.770257440000000,\x94,,
0.770352800000000,\xEC,,
0.771395520000000, ,,
0.771490880000000,@,,
0.771586400000000,\xD5,,
0.771681760000000,\xC5,,
0.771777120000000,\xEB,,
0.771872480000000,\xD5,,
0.771967840000000,E,,
0.772063200000000,U,,
0.772158720000000,\xA8,,
0.772254080000000,\xC5,,
0.772349440000000,\xDC,,
0.772444800000000,\xD5,,
0.772540160000000,\xDC,,
0.772635680000000,U,,
0.772731040000000,\xDC,,
0.772826400000000,\xC5,,
0.772921760000000,\xDC,,
0.773017120000000,\xD5,,
0.773112640000000,\xDC,,
0.773208000000000,U,,
0.773303360000000,\xDC,,
0.773398720000000,\xC5,,
0.773494080000000,\xDC,,
0.773589440000000,\xD5,,
0.773684960000000,\xDC,,
0.773780320000000,U,,
0.773875680000000,\xDC,,
0.773971040000000,\x05,,
0.774066400000000,\xDC,,
0.774161920000000,\x05,,
0.774257280000000,\x94,,
0.774352640000000,\xEC,,
0.775395520000000, ,,
0.775490880000000,@,,
0.775586240000000,\xD5,,
0.775681600000000,\xC5,,
0.775777120000000,\xEB,,
0.775872480000000,\xD5,,
0.775967840000000,E,,
0.776063200000000,U,,
0.776158560000000,\xA8,,
0.776253920000000,\xC5,,
0.776349440000000,\xDC,,
0.776444800000000,\xD5,,
0.776540160000000,\xDC,,
0.776635520000000,U,,
0.776730880000000,\xDC,,
0.776826400000000,\xC5,,
0.776921760000000,\xDC,,
0.777017120000000,\xD5,,
0.777112480000000,\xDC,,
0.777207840000000,U,,
0.777303200000000,\xDC,,
0.777398720000000,\xC5,,
0.777494080000000,\xDC,,
0.777589440000000,\xD5,,
0.777684800000000,\xDC,,
0.777780160000000,U,,
0.777875680000000,\xDC,,
0.777971040000000,\x05,,
0.778066400000000,\xDC,,
0.778161760000000,\x05,,
0.778257120000000,\x94,,
0.778352640000000,\xEC,,
0.779395520000000, ,,
0.779490880000000,@,,
0.779586240000000,\xD5,,
0.779681600000000,\xC5,,
0.779776960000000,\xEB,,
0.779872320000000,\xD5,,
0.779967840000000,E,,
0.780063200000000,U,,
0.780158560000000,\xA8,,
0.780253920000000,\xC5,,
0.780349280000000,\xDC,,
0.780444800000000,\xD5,,
0.780540160000000,\xDC,,
0.780635520000000,U,,
0.780730880000000,\xDC,,
0.780826240000000,\xC5,,
0.780921600000000,\xDC,,
0.781017120000000,\xD5,,
0.781112480000000,\xDC,,
0.781207840000000,U,,
0.781303200000000,\xDC,,
0.781398560000000,\xC5,,
0.781494080000000,\xDC,,
0.781589440000000,\xD5,,
0.781684800000000,\xDC,,
0.781780160000000,U,,
0.781875520000000,\xDC,,
0.781970880000000,\x05,,
0.782066400000000,\xDC,,
0.782161760000000,\x05,,
0.782257120000000,\x94,,
0.782352480000000,\xEC,,
0.783395360000000, ,,
0.783490720000000,@,,
0.783586240000000,\xD5,,
0.783681600000000,\xC5,,
0.783776960000000,\xEB,,
0.783872320000000,\xD5,,
0.783967680000000,E,,
0.784063040000000,U,,
0.784158560000000,\xA8,,
0.784253920000000,\xC5,,
0.784349280000000,\xDC,,
0.784444640000000,\xD5,,
0.784540000000000,\xDC,,
0.784635520000000,U,,
0.784730880000000,\xDC,,
0.784826240000000,\xC5,,
0.784921600000000,\xDC,,
0.785016960000000,\xD5,,
0.785112320000000,\xDC,,
0.785207840000000,U,,
0.785303200000000,\xDC,,
0.785398560000000,\xC5,,
0.785493920000000,\xDC,,
0.785589280000000,\xD5,,
0.785684640000000,\xDC,,
0.785780160000000,U,,
0.785875520000000,\xDC,,
0.785970880000000,\x05,,
0.786066240000000,\xDC,,
0.786161600000000,\x05,,
0.786257120000000,\x94,,
0.786352480000000,\xEC,,
0.787395360000000, ,,
0.787490720000000,@,,
0.787586080000000,\xD5,,
0.787681440000000,\xC5,,
0.787776800000000,\xEB,,
0.787872320000000,\xD5,,
0.787967680000000,E,,
0.788063040000000,U,,
0.788158400000000,\xA8,,
0.788253760000000,\xC5,,
0.788349280000000,\xDC,,
0.788444640000000,\xD5,,
0.788540000000000,\xDC,,
0.788635360000000,U,,
0.788730720000000,\xDC,,
0.788826080000000,\xC5,,
0.788921600000000,\xDC,,
0.789016960000000,\xD5,,
0.789112320000000,\xDC,,
0.789207680000000,U,,
0.789303040000000,\xDC,,
0.789398560000000,\xC5,,
0.789493920000000,\xDC,,
0.789589280000000,\xD5,,
0.789684640000000,\xDC,,
0.789780000000000,U,,
0.789875360000000,\xDC,,
0.789970880000000,\x05,,
0.790066240000000,\xDC,,
0.790161600000000,\x05,,
0.790256960000000,\x94,,
0.790352320000000,\xEC,,
0.791396640000000, ,,
0.791492000000000,@,,
0.791587520000000,\xD5,,
0.791682880000000,\xC5,,
0.791778240000000,\xEB,,
0.791873600000000,\xD5,,
0.791968960000000,E,,
0.792064320000000,U,,
0.792159840000000,\xA8,,
0.792255200000000,\xC5,,
0.792350560000000,\xDC,,
0.792445920000000,\xD5,,
0.792541280000000,\xDC,,
0.792636800000000,U,,
0.792732160000000,\xDC,,
0.792827520000000,\xC5,,
0.792922880000000,\xDC,,
0.793018240000000,\xD5,,
0.793113600000000,\xDC,,
0.793209120000000,U,,
0.793304480000000,\xDC,,
0.793399840000000,\xC5,,
0.793495200000000,\xDC,,
0.793590560000000,\xD5,,
0.793686080000000,\xDC,,
0.793781440000000,U,,
0.793876800000000,\xDC,,
0.793972160000000,\x05,,
0.794067520000000,\xDC,,
0.794162880000000,\x05,,
0.794258400000000,\x94,,
0.794353760000000,\xEC,,
0.795395200000000, ,,
0.795490560000000,@,,
0.795585920000000,\xD5,,
0.795681280000000,\xC5,,
0.795776640000000,\xEB,,
0.795872000000000,\xD5,,
0.795967520000000,E,,
0.796062880000000,U,,
0.796158240000000,\xA8,,
0.796253600000000,\xC5,,
0.796348960000000,\xDC,,
0.796444480000000,\xD5,,
0.796539840000000,\xDC,,
0.796635200000000,U,,
0.796730560000000,\xDC,,
0.796825920000000,\xC5,,
0.796921440000000,\xDC,,
0.797016800000000,\xD5,,
0.797112160000000,\xDC,,
0.797207520000000,U,,
0.797302880000000,\xDC,,
0.797398240000000,\xC5,,
0.797493760000000,\xDC,,
0.797589120000000,\xD5,,
0.797684480000000,\xDC,,
0.797779840000000,U,,
0.797875200000000,\xDC,,
0.797970720000000,\x05,,
0.798066080000000,\xDC,,
0.798161440000000,\x05,,
0.798256800000000,\x94,,
0.798352160000000,\xEC,,
0.799395040000000, ,,
0.799490400000000,@,,
0.799585760000000,\xD5,,
0.799681280000000,\xC5,,
0.799776640000000,\xEB,,
0.799872000000000,\xD5,,
0.799967360000000,E,,
0.800062720000000,U,,
0.800158240000000,\xA8,,
0.800253600000000,\xC5,,
0.800348960000000,\xDC,,
0.800444320000000,\xD5,,
0.800539680000000,\xDC,,
0.800635040000000,U,,
0.800730560000000,\xDC,,
0.800825920000000,\xC5,,
0.800921280000000,\xDC,,
0.801016640000000,\xD5,,
0.801112000000000,\xDC,,
0.801207520000000,U,,
0.801302880000000,\xDC,,
0.801398240000000,\xC5,,
0.801493600000000,\xDC,,
0.801588960000000,\xD5,,
0.801684320000000,\xDC,,
0.801779840000000,U,,
0.801875200000000,\xDC,,
0.801970560000000,\x05,,
0.802065920000000,\xDC,,
0.802161280000000,\x05,,
0.802256800000000,\x94,,
0.802352160000000,\xEC,,
0.803395680000000, ,,
0.803491040000000,@,,
0.803586400000000,\xD5,,
0.803681760000000,\xC5,,
0.803777120000000,\xEB,,
0.803872480000000,\xD5,,
0.803968000000000,E,,
0.804063360000000,U,,
0.804158720000000,\xA8,,
0.804254080000000,\xC5,,
0.804349440000000,\xDC,,
0.804444800000000,\xD5,,
0.804540320000000,\xDC,,
0.804635680000000,U,,
0.804731040000000,\xDC,,
0.804826400000000,\xC5,,
0.804921760000000,\xDC,,
0.805017280000000,\xD5,,
0.805112640000000,\xDC,,
0.805208000000000,U,,
0.805303360000000,\xDC,,
0.805398720000000,\xC5,,
0.805494080000000,\xDC,,
0.805589600000000,\xD5,,
0.805684960000000,\xDC,,
0.805780320000000,U,,
0.805875680000000,\xDC,,
0.805971040000000,\x05,,
0.806066560000000,\xDC,,
0.806161920000000,\x05,,
0.806257280000000,\x94,,
0.806352640000000,\xEC,,
0.807395040000000, ,,
0.807490400000000,@,,
0.807585760000000,\xD5,,
0.807681120000000,\xC5,,
0.807776480000000,\xEB,,
0.807872000000000,\xD5,,
0.807967360000000,E,,
0.808062720000000,U,,
0.808158080000000,\xA8,,
0.808253440000000,\xC5,,
0.808348960000000,\xDC,,
0.808444320000000,\xD5,,
0.808539680000000,\xDC,,
0.808635040000000,U,,
0.808730400000000,\xDC,,
0.808825760000000,\xC5,,
0.808921280000000,\xDC,,
0.809016640000000,\xD5,,
0.809112000000000,\xDC,,
0.809207360000000,U,,
0.809302720000000,\xDC,,
0.809398240000000,\xC5,,
0.809493600000000,\xDC,,
0.809588960000000,\xD5,,
0.809684320000000,\xDC,,
0.809779680000000,U,,
0.809875040000000,\xDC,,
0.809970560000000,\x05,,
0.810065920000000,\xDC,,
0.810161280000000,\x05,,
0.810256640000000,\x94,,
0.810352000000000,\xEC,,
0.811394880000000, ,,
0.811490240000000,@,,
0.811585600000000,\xD5,,
0.811680960000000,\xC5,,
0.811776480000000,\xEB,,
0.811871840000000,\xD5,,
0.811967200000000,E,,
0.812062560000000,U,,
0.812157920000000,\xA8,,
0.812253440000000,\xC5,,
0.812348800000000,\xDC,,
0.812444160000000,\xD5,,
0.812539520000000,\xDC,,
0.812634880000000,U,,
0.812730240000000,\xDC,,
0.812825760000000,\xC5,,
0.812921120000000,\xDC,,
0.813016480000000,\xD5,,
0.813111840000000,\xDC,,
0.813207200000000,U,,
0.813302560000000,\xDC,,
0.813398080000000,\xC5,,
0.813493440000000,\xDC,,
0.813588800000000,\xD5,,
0.813684160000000,\xDC,,
0.813779520000000,U,,
0.813875040000000,\xDC,,
0.813970400000000,\x05,,
0.814065760000000,\xDC,,
0.814161120000000,\x05,,
0.814256480000000,\x94,,
0.814351840000000,\xEC,,
0.815394720000000, ,,
0.815490240000000,@,,
0.815585600000000,\xD5,,
0.815680960000000,\xC5,,
0.815776320000000,\xEB,,
0.815871680000000,\xD5,,
0.815967200000000,E,,
0.816062560000000,U,,
0.816157920000000,\xA8,,
0.816253280000000,\xC5,,
0.816348640000000,\xDC,,
0.816444000000000,\xD5,,
0.816539520000000,\xDC,,
0.816634880000000,U,,
0.816730240000000,\xDC,,
0.816825600000000,\xC5,,
0.816920960000000,\xDC,,
0.817016480000000,\xD5,,
0.817111840000000,\xDC,,
0.817207200000000,U,,
0.817302560000000,\xDC,,
0.817397920000000,\xC5,,
0.817493440000000,\xDC,,
0.817588800000000,\xD5,,
0.817684160000000,\xDC,,
0.817779520000000,U,,
0.817874880000000,\xDC,,
0.817970240000000,\x05,,
0.818065760000000,\xDC,,
0.818161120000000,\x05,,
0.818256480000000,\x94,,
0.818351840000000,\xEC,,
0.819394720000000, ,,
0.819490080000000,@,,
0.819585440000000,\xD5,,
0.819680800000000,\xC5,,
0.819776320000000,\xEB,,
0.819871680000000,\xD5,,
0.819967040000000,E,,
0.820062400000000,U,,
0.820157760000000,\xA8,,
0.820253280000000,\xC5,,
0.820348640000000,\xDC,,
0.820444000000000,\xD5,,
0.820539360000000,\xDC,,
0.820634720000000,U,,
0.820730080000000,\xDC,,
0.820825600000000,\xC5,,
0.820920960000000,\xDC,,
0.821016320000000,\xD5,,
0.821111680000000,\xDC,,
0.821207040000000,U,,
0.821302560000000,\xDC,,
0.821397920000000,\xC5,,
0.821493280000000,\xDC,,
0.821588640000000,\xD5,,
0.821684000000000,\xDC,,
0.821779520000000,U,,
0.821874880000000,\xDC,,
0.821970240000000,\x05,,
0.822065600000000,\xDC,,
0.822160960000000,\x05,,
0.822256320000000,\x94,,
0.822351840000000,\xEC,,
0.823394720000000, ,,
0.823490080000000,@,,
0.823585440000000,\xD5,,
0.823680800000000,\xC5,,
0.823776160000000,\xEB,,
0.823871520000000,\xD5,,
0.823967040000000,E,,
0.824062400000000,U,,
0.824157760000000,\xA8,,
0.824253120000000,\xC5,,
0.824348480000000,\xDC,,
0.824443840000000,\xD5,,
0.824539360000000,\xDC,,
0.824634720000000,U,,
0.824730080000000,\xDC,,
0.824825440000000,\xC5,,
0.824920800000000,\xDC,,
0.825016320000000,\xD5,,
0.825111680000000,\xDC,,
0.825207040000000,U,,
0.825302400000000,\xDC,,
0.825397760000000,\xC5,,
0.825493120000000,\xDC,,
0.825588640000000,\xD5,,
0.825684000000000,\xDC,,
0.825779360000000,U,,
0.825874720000000,\xDC,,
0.825970080000000,\x05,,
0.826065600000000,\xDC,,
0.826160960000000,\x05,,
0.826256320000000,\x94,,
0.826351680000000,\xEC,,
0.827394720000000, ,,
0.827490080000000,@,,
0.827585440000000,\xD5,,
0.827680800000000,\xC5,,
0.827776160000000,\xEB,,
0.827871520000000,\xD5,,
0.827967040000000,E,,
0.828062400000000,U,,
0.828157760000000,\xA8,,
0.828253120000000,\xC5,,
0.828348480000000,\xDC,,
0.828444000000000,\xD5,,
0.828539360000000,\xDC,,
0.828634720000000,U,,
0.828730080000000,\xDC,,
0.828825440000000,\xC5,,
0.828920800000000,\xDC,,
0.829016320000000,\xD5,,
0.829111680000000,\xDC,,
0.829207040000000,U,,
0.829302400000000,\xDC,,
0.829397760000000,\xC5,,
0.829493120000000,\xDC,,
0.829588640000000,\xD5,,
0.829684000000000,\xDC,,
0.829779360000000,U,,
0.829874720000000,\xDC,,
0.829970080000000,\x05,,
0.830065600000000,\xDC,,
0.830160960000000,\x05,,
0.830256320000000,\x94,,
0.830351680000000,\xEC,,
0.831394560000000, ,,
0.831489920000000,@,,
0.831585280000000,\xD5,,
0.831680640000000,\xC5,,
0.831776000000000,\xEB,,
0.831871520000000,\xD5,,
0.831966880000000,E,,
0.832062240000000,U,,
0.832157600000000,\xA8,,
0.832252960000000,\xC5,,
0.832348320000000,\xDC,,
0.832443840000000,\xD5,,
0.832539200000000,\xDC,,
0.832634560000000,U,,
0.832729920000000,\xDC,,
0.832825280000000,\xC5,,
0.832920800000000,\xDC,,
0.833016160000000,\xD5,,
0.833111520000000,\xDC,,
0.833206880000000,U,,
0.833302240000000,\xDC,,
0.833397600000000,\xC5,,
0.833493120000000,\xDC,,
0.833588480000000,\xD5,,
0.833683840000000,\xDC,,
0.833779200000000,U,,
0.833874560000000,\xDC,,
0.833970080000000,\x05,,
0.834065440000000,\xDC,,
0.834160800000000,\x05,,
0.834256160000000,\x94,,
0.834351520000000,\xEC,,
0.835394400000000, ,,
0.835489760000000,@,,
0.835585280000000,\xD5,,
0.835680640000000,\xC5,,
0.835776000000000,\xEB,,
0.835871360000000,\xD5,,
0.835966720000000,E,,
0.836062240000000,U,,
0.836157600000000,\xA8,,
0.836252960000000,\xC5,,
0.836348320000000,\xDC,,
0.836443680000000,\xD5,,
0.836539040000000,\xDC,,
0.836634560000000,U,,
0.836729920000000,\xDC,,
0.836825280000000,\xC5,,
0.836920640000000,\xDC,,
0.837016000000000,\xD5,,
0.837111520000000,\xDC,,
0.837206880000000,U,,
0.837302240000000,\xDC,,
0.837397600000000,\xC5,,
0.837492960000000,\xDC,,
0.837588320000000,\xD5,,
0.837683840000000,\xDC,,
0.837779200000000,U,,
0.837874560000000,\xDC,,
0.837969920000000,\x05,,
0.838065280000000,\xDC,,
0.838160800000000,\x05,,
0.838256160000000,\x94,,
0.838351520000000,\xEC,,
0.839394400000000, ,,
0.839489760000000,@,,
0.839585120000000,\xD5,,
0.839680640000000,\xC5,,
0.839776000000000,\xEB,,
0.839871360000000,\xD5,,
0.839966720000000,E,,
0.840062080000000,U,,
0.840157440000000,\xA8,,
0.840252960000000,\xC5,,
0.840348320000000,\xDC,,
0.840443680000000,\xD5,,
0.840539040000000,\xDC,,
0.840634400000000,U,,
0.840729920000000,\xDC,,
0.840825280000000,\xC5,,
0.840920640000000,\xDC,,
0.841016000000000,\xD5,,
0.841111360000000,\xDC,,
0.841206720000000,U,,
0.841302240000000,\xDC,,
0.841397600000000,\xC5,,
0.841492960000000,\xDC,,
0.841588320000000,\xD5,,
0.841683680000000,\xDC,,
0.841779200000000,U,,
0.841874560000000,\xDC,,
0.841969920000000,\x05,,
0.842065280000000,\xDC,,
0.842160640000000,\x05,,
0.842256000000000,\x94,,
0.842351520000000,\xEC,,
0.843394400000000, ,,
0.843489760000000,@,,
0.843585120000000,\xD5,,
0.843680480000000,\xC5,,
0.843775840000000,\xEB,,
0.843871200000000,\xD5,,
0.843966720000000,E,,
0.844062080000000,U,,
0.844157440000000,\xA8,,
0.844252800000000,\xC5,,
0.844348160000000,\xDC,,
0.844443520000000,\xD5,,
0.844539040000000,\xDC,,
0.844634400000000,U,,
0.844729760000000,\xDC,,
0.844825120000000,\xC5,,
0.844920480000000,\xDC,,
0.845016000000000,\xD5,,
0.845111360000000,\xDC,,
0.845206720000000,U,,
0.845302080000000,\xDC,,
0.845397440000000,\xC5,,
0.845492800000000,\xDC,,
0.845588320000000,\xD5,,
0.845683680000000,\xDC,,
0.845779040000000,U,,
0.845874400000000,\xDC,,
0.845969760000000,\x05,,
0.846065280000000,\xDC,,
0.846160640000000,\x05,,
0.846256000000000,\x94,,
0.846351360000000,\xEC,,
0.847394240000000, ,,
0.847489600000000,@,,
0.847584960000000,\xD5,,
0.847680320000000,\xC5,,
0.847775840000000,\xEB,,
0.847871200000000,\xD5,,
0.847966560000000,E,,
0.848061920000000,U,,
0.848157280000000,\xA8,,
0.848252640000000,\xC5,,
0.848348160000000,\xDC,,
0.848443520000000,\xD5,,
0.848538880000000,\xDC,,
0.848634240000000,U,,
0.848729600000000,\xDC,,
0.848825120000000,\xC5,,
0.848920480000000,\xDC,,
0.849015840000000,\xD5,,
0.849111200000000,\xDC,,
0.849206560000000,U,,
0.849301920000000,\xDC,,
0.849397440000000,\xC5,,
0.849492800000000,\xDC,,
0.849588160000000,\xD5,,
0.849683520000000,\xDC,,
0.849778880000000,U,,
0.849874400000000,\xDC,,
0.849969760000000,\x05,,
0.850065120000000,\xDC,,
0.850160480000000,\x05,,
0.850255840000000,\x94,,
0.850351200000000,\xEC,,
0.851394240000000, ,,
0.851489600000000,@,,
0.851584960000000,\xD5,,
0.851680320000000,\xC5,,
0.851775680000000,\xEB,,
0.851871200000000,\xD5,,
0.851966560000000,E,,
0.852061920000000,U,,
0.852157280000000,\xA8,,
0.852252640000000,\xC5,,
0.852348160000000,\xDC,,
0.852443520000000,\xD5,,
0.852538880000000,\xDC,,
0.852634240000000,U,,
0.852729600000000,\xDC,,
0.852824960000000,\xC5,,
0.852920480000000,\xDC,,
0.853015840000000,\xD5,,
0.853111200000000,\xDC,,
0.853206560000000,U,,
0.853301920000000,\xDC,,
0.853397280000000,\xC5,,
0.853492800000000,\xDC,,
0.853588160000000,\xD5,,
0.853683520000000,\xDC,,
0.853778880000000,U,,
0.853874240000000,\xDC,,
0.853969760000000,\x05,,
0.854065120000000,\xDC,,
0.854160480000000,\x05,,
0.854255840000000,\x94,,
0.854351200000000,\xEC,,
0.855411840000000, ,,
0.855507200000000,@,,
0.855602560000000,\xD5,,
0.855698080000000,\xC5,,
0.855793440000000,\xEB,,
0.855888800000000,\xD5,,
0.855984160000000,E,,
0.856079520000000,U,,
0.856175040000000,\xA8,,
0.856270400000000,\xC5,,
0.856365760000000,\xDC,,
0.856461120000000,\xD5,,
0.856556480000000,\xDC,,
0.856651840000000,U,,
0.856747360000000,\xDC,,
0.856842720000000,\xC5,,
0.856938080000000,\xDC,,
0.857033440000000,\xD5,,
0.857128800000000,\xDC,,
0.857224320000000,U,,
0.857319680000000,\xDC,,
0.857415040000000,\xC5,,
0.857510400000000,\xDC,,
0.857605760000000,\xD5,,
0.857701280000000,\xDC,,
0.857796640000000,U,,
0.857892000000000,\xDC,,
0.857987360000000,\x05,,
0.858082720000000,\xDC,,
0.858178080000000,\x05,,
0.858273600000000,\x94,,
0.858368960000000,\xEC,,
0.859408960000000, ,,
0.859504320000000,@,,
0.859599840000000,\xD5,,
0.859695200000000,\xC5,,
0.859790560000000,\xEB,,
0.859885920000000,\xD5,,
0.859981280000000,E,,
0.860076800000000,U,,
0.860172160000000,\xA8,,
0.860267520000000,\xC5,,
0.860362880000000,\xDC,,
0.860458240000000,\xD5,,
0.860553600000000,\xDC,,
0.860649120000000,U,,
0.860744480000000,\xDC,,
0.860839840000000,\xC5,,
0.860935200000000,\xDC,,
0.861030560000000,\xD5,,
0.861126080000000,\xDC,,
0.861221440000000,U,,
0.861316800000000,\xDC,,
0.861412160000000,\xC5,,
0.861507520000000,\xDC,,
0.861603040000000,\xD5,,
0.861698400000000,\xDC,,
0.861793760000000,U,,
0.861889120000000,\xDC,,
0.861984480000000,\x05,,
0.862079840000000,\xDC,,
0.862175360000000,\x05,,
0.862270720000000,\x94,,
0.862366080000000,\xEC,,
0.863394080000000, ,,
0.863489440000000,@,,
0.863584800000000,\xD5,,
0.863680160000000,\xC5,,
0.863775520000000,\xEB,,
0.863870880000000,\xD5,,
0.863966400000000,E,,
0.864061760000000,U,,
0.864157120000000,\xA8,,
0.864252480000000,\xC5,,
0.864347840000000,\xDC,,
0.864443360000000,\xD5,,
0.864538720000000,\xDC,,
0.864634080000000,U,,
0.864729440000000,\xDC,,
0.864824800000000,\xC5,,
0.864920160000000,\xDC,,
0.865015680000000,\xD5,,
0.865111040000000,\xDC,,
0.865206400000000,U,,
0.865301760000000,\xDC,,
0.865397120000000,\xC5,,
0.865492480000000,\xDC,,
0.865588000000000,\xD5,,
0.865683360000000,\xDC,,
0.865778720000000,U,,
0.865874080000000,\xDC,,
0.865969440000000,\x05,,
0.866064960000000,\xDC,,
0.866160320000000,\x05,,
0.866255680000000,\x94,,
0.866351040000000,\xEC,,
0.867393920000000, ,,
0.867489280000000,@,,
0.867584640000000,\xD5,,
0.867680000000000,\xC5,,
0.867775360000000,\xEB,,
0.867870880000000,\xD5,,
0.867966240000000,E,,
0.868061600000000,U,,
0.868156960000000,\xA8,,
0.868252320000000,\xC5,,
0.868347680000000,\xDC,,
0.868443200000000,\xD5,,
0.868538560000000,\xDC,,
0.868633920000000,U,,
0.868729280000000,\xDC,,
0.868824640000000,\xC5,,
0.868920160000000,\xDC,,
0.869015520000000,\xD5,,
0.869110880000000,\xDC,,
0.869206240000000,U,,
0.869301600000000,\xDC,,
0.869396960000000,\xC5,,
0.869492480000000,\xDC,,
0.869587840000000,\xD5,,
0.869683200000000,\xDC,,
0.869778560000000,U,,
0.869873920000000,\xDC,,
0.869969440000000,\x05,,
0.870064800000000,\xDC,,
0.870160160000000,\x05,,
0.870255520000000,\x94,,
0.870350880000000,\xEC,,
0.871413280000000, ,,
0.871508640000000,@,,
0.871604160000000,\xD5,,
0.871699520000000,\xC5,,
0.871794880000000,\xEB,,
0.871890240000000,\xD5,,
0.871985600000000,E,,
0.872081120000000,U,,
0.872176480000000,\xA8,,
0.872271840000000,\xC5,,
0.872367200000000,\xDC,,
0.872462560000000,\xD5,,
0.872557920000000,\xDC,,
0.872653440000000,U,,
0.872748800000000,\xDC,,
0.872844160000000,\xC5,,
0.872939520000000,\xDC,,
0.873034880000000,\xD5,,
0.873130400000000,\xDC,,
0.873225760000000,U,,
0.873321120000000,\xDC,,
0.873416480000000,\xC5,,
0.873511840000000,\xDC,,
0.873607360000000,\xD5,,
0.873702720000000,\xDC,,
0.873798080000000,U,,
0.873893440000000,\xDC,,
0.873988800000000,\x05,,
0.874084160000000,\xDC,,
0.874179680000000,\x05,,
0.874275040000000,\x94,,
0.874370400000000,\xEC,,
0.875393760000000, ,,
0.875489120000000,@,,
0.875584640000000,\xD5,,
0.875680000000000,\xC5,,
0.875775360000000,\xEB,,
0.875870720000000,\xD5,,
0.875966080000000,E,,
0.876061600000000,U,,
0.876156960000000,\xA8,,
0.876252320000000,\xC5,,
0.876347680000000,\xDC,,
0.876443040000000,\xD5,,
0.876538400000000,\xDC,,
0.876633920000000,U,,
0.876729280000000,\xDC,,
0.876824640000000,\xC5,,
0.876920000000000,\xDC,,
0.877015360000000,\xD5,,
0.877110880000000,\xDC,,
0.877206240000000,U,,
0.877301600000000,\xDC,,
0.877396960000000,\xC5,,
0.877492320000000,\xDC,,
0.877587680000000,\xD5,,
0.877683200000000,\xDC,,
0.877778560000000,U,,
0.877873920000000,\xDC,,
0.877969280000000,\x05,,
0.878064640000000,\xDC,,
0.878160160000000,\x05,,
0.878255520000000,\x94,,
0.878350880000000,\xEC,,
0.879393600000000, ,,
0.879489120000000,@,,
0.879584480000000,\xD5,,
0.879679840000000,\xC5,,
0.879775200000000,\xEB,,
0.879870560000000,\xD5,,
0.879966080000000,E,,
0.880061440000000,U,,
0.880156800000000,\xA8,,
0.880252160000000,\xC5,,
0.880347520000000,\xDC,,
0.880442880000000,\xD5,,
0.880538400000000,\xDC,,
0.880633760000000,U,,
0.880729120000000,\xDC,,
0.880824480000000,\xC5,,
0.880919840000000,\xDC,,
0.881015200000000,\xD5,,
0.881110720000000,\xDC,,
0.881206080000000,U,,
0.881301440000000,\xDC,,
0.881396800000000,\xC5,,
0.881492160000000,\xDC,,
0.881587680000000,\xD5,,
0.881683040000000,\xDC,,
0.881778400000000,U,,
0.881873760000000,\xDC,,
0.881969120000000,\x05,,
0.882064480000000,\xDC,,
0.882160000000000,\x05,,
0.882255360000000,\x94,,
0.882350720000000,\xEC,,
0.883393600000000, ,,
0.883488960000000,@,,
0.883584320000000,\xD5,,
0.883679840000000,\xC5,,
0.883775200000000,\xEB,,
0.883870560000000,\xD5,,
0.883965920000000,E,,
0.884061280000000,U,,
0.884156640000000,\xA8,,
0.884252160000000,\xC5,,
0.884347520000000,\xDC,,
0.884442880000000,\xD5,,
0.884538240000000,\xDC,,
0.884633600000000,U,,
0.884729120000000,\xDC,,
0.884824480000000,\xC5,,
0.884919840000000,\xDC,,
0.885015200000000,\xD5,,
0.885110560000000,\xDC,,
0.885205920000000,U,,
0.885301440000000,\xDC,,
0.885396800000000,\xC5,,
0.885492160000000,\xDC,,
0.885587520000000,\xD5,,
0.885682880000000,\xDC,,
0.885778400000000,U,,
0.885873760000000,\xDC,,
0.885969120000000,\x05,,
0.886064480000000,\xDC,,
0.886159840000000,\x05,,
0.886255200000000,\x94,,
0.886350720000000,\xEC,,
0.887393600000000, ,,
0.887488960000000,@,,
0.887584320000000,\xD5,,
0.887679680000000,\xC5,,
0.887775200000000,\xEB,,
0.887870560000000,\xD5,,
0.887965920000000,E,,
0.888061280000000,U,,
0.888156640000000,\xA8,,
0.888252160000000,\xC5,,
0.888347520000000,\xDC,,
0.888442880000000,\xD5,,
0.888538240000000,\xDC,,
0.888633600000000,U,,
0.888728960000000,\xDC,,
0.888824480000000,\xC5,,
0.888919840000000,\xDC,,
0.889015200000000,\xD5,,
0.889110560000000,\xDC,,
0.889205920000000,U,,
0.889301280000000,\xDC,,
0.889396800000000,\xC5,,
0.889492160000000,\xDC,,
0.889587520000000,\xD5,,
0.889682880000000,\xDC,,
0.889778240000000,U,,
0.889873760000000,\xDC,,
0.889969120000000,\x05,,
0.890064480000000,\xDC,,
0.890159840000000,\x05,,
0.890255200000000,\x94,,
0.890350560000000,\xEC,,
0.891393600000000, ,,
0.891488960000000,@,,
0.891584320000000,\xD5,,
0.891679680000000,\xC5,,
0.891775040000000,\xEB,,
0.891870400000000,\xD5,,
0.891965920000000,E,,
0.892061280000000,U,,
0.892156640000000,\xA8,,
0.892252000000000,\xC5,,
0.892347360000000,\xDC,,
0.892442720000000,\xD5,,
0.892538240000000,\xDC,,
0.892633600000000,U,,
0.892728960000000,\xDC,,
0.892824320000000,\xC5,,
0.892919680000000,\xDC,,
0.893015200000000,\xD5,,
0.893110560000000,\xDC,,
0.893205920000000,U,,
0.893301280000000,\xDC,,
0.893396640000000,\xC5,,
0.893492000000000,\xDC,,
0.893587520000000,\xD5,,
0.893682880000000,\xDC,,
0.893778240000000,U,,
0.893873600000000,\xDC,,
0.893968960000000,\x05,,
0.894064480000000,\xDC,,
0.894159840000000,\x05,,
0.894255200000000,\x94,,
0.894350560000000,\xEC,,
0.895393440000000, ,,
0.895488800000000,@,,
0.895584160000000,\xD5,,
0.895679680000000,\xC5,,
0.895775040000000,\xEB,,
0.895870400000000,\xD5,,
0.895965760000000,E,,
0.896061120000000,U,,
0.896156640000000,\xA8,,
0.896252000000000,\xC5,,
0.896347360000000,\xDC,,
0.896442720000000,\xD5,,
0.896538080000000,\xDC,,
0.896633440000000,U,,
0.896728960000000,\xDC,,
0.896824320000000,\xC5,,
0.896919680000000,\xDC,,
0.897015040000000,\xD5,,
0.897110400000000,\xDC,,
0.897205920000000,U,,
0.897301280000000,\xDC,,
0.897396640000000,\xC5,,
0.897492000000000,\xDC,,
0.897587360000000,\xD5,,
0.897682720000000,\xDC,,
0.897778240000000,U,,
0.897873600000000,\xDC,,
0.897968960000000,\x05,,
0.898064320000000,\xDC,,
0.898159680000000,\x05,,
0.898255040000000,\x94,,
0.898350560000000,\xEC,,
0.899393440000000, ,,
0.899488800000000,@,,
0.899584160000000,\xD5,,
0.899679520000000,\xC5,,
0.899774880000000,\xEB,,
0.899870400000000,\xD5,,
0.899965760000000,E,,
0.900061120000000,U,,
0.900156480000000,\xA8,,
0.900251840000000,\xC5,,
0.900347200000000,\xDC,,
0.900442720000000,\xD5,,
0.900538080000000,\xDC,,
0.900633440000000,U,,
0.900728800000000,\xDC,,
0.900824160000000,\xC5,,
0.900919680000000,\xDC,,
0.901015040000000,\xD5,,
0.901110400000000,\xDC,,
0.901205760000000,U,,
0.901301120000000,\xDC,,
0.901396480000000,\xC5,,
0.901492000000000,\xDC,,
0.901587360000000,\xD5,,
0.901682720000000,\xDC,,
0.901778080000000,U,,
0.901873440000000,\xDC,,
0.901968960000000,\x05,,
0.902064320000000,\xDC,,
0.902159680000000,\x05,,
0.902255040000000,\x94,,
0.902350400000000,\xEC,,
0.903393280000000, ,,
0.903488640000000,@,,
0.903584000000000,\xD5,,
0.903679360000000,\xC5,,
0.903774880000000,\xEB,,
0.903870240000000,\xD5,,
0.903965600000000,E,,
0.904060960000000,U,,
0.904156320000000,\xA8,,
0.904251840000000,\xC5,,
0.904347200000000,\xDC,,
0.904442560000000,\xD5,,
0.904537920000000,\xDC,,
0.904633280000000,U,,
0.904728640000000,\xDC,,
0.904824160000000,\xC5,,
0.904919520000000,\xDC,,
0.905014880000000,\xD5,,
0.905110240000000,\xDC,,
0.905205600000000,U,,
0.905301120000000,\xDC,,
0.905396480000000,\xC5,,
0.905491840000000,\xDC,,
0.905587200000000,\xD5,,
0.905682560000000,\xDC,,
0.905777920000000,U,,
0.905873440000000,\xDC,,
0.905968800000000,\x05,,
0.906064160000000,\xDC,,
0.906159520000000,\x05,,
0.906254880000000,\x94,,
0.906350400000000,\xEC,,
0.907408000000000, ,,
0.907503360000000,@,,
0.907598720000000,\xD5,,
0.907694240000000,\xC5,,
0.907789600000000,\xEB,,
0.907884960000000,\xD5,,
0.907980320000000,E,,
0.908075680000000,U,,
0.908171040000000,\xA8,,
0.908266560000000,\xC5,,
0.908361920000000,\xDC,,
0.908457280000000,\xD5,,
0.908552640000000,\xDC,,
0.908648000000000,U,,
0.908743360000000,\xDC,,
0.908838880000000,\xC5,,
0.908934240000000,\xDC,,
0.909029600000000,\xD5,,
0.909124960000000,\xDC,,
0.909220320000000,U,,
0.909315840000000,\xDC,,
0.909411200000000,\xC5,,
0.909506560000000,\xDC,,
0.909601920000000,\xD5,,
0.909697280000000,\xDC,,
0.909792640000000,U,,
0.909888160000000,\xDC,,
0.909983520000000,\x05,,
0.910078880000000,\xDC,,
0.910174240000000,\x05,,
0.910269600000000,\x94,,
0.910365120000000,\xEC,,
0.911418400000000, ,,
0.911513760000000,@,,
0.911609120000000,\xD5,,
0.911704480000000,\xC5,,
0.911799840000000,\xEB,,
0.911895360000000,\xD5,,
0.911990720000000,E,,
0.912086080000000,U,,
0.912181440000000,\xA8,,
0.912276800000000,\xC5,,
0.912372160000000,\xDC,,
0.912467680000000,\xD5,,
0.912563040000000,\xDC,,
0.912658400000000,U,,
0.912753760000000,\xDC,,
0.912849120000000,\xC5,,
0.912944640000000,\xDC,,
0.913040000000000,\xD5,,
0.913135360000000,\xDC,,
0.913230720000000,U,,
0.913326080000000,\xDC,,
0.913421440000000,\xC5,,
0.913516960000000,\xDC,,
0.913612320000000,\xD5,,
0.913707680000000,\xDC,,
0.913803040000000,U,,
0.913898400000000,\xDC,,
0.913993920000000,\x05,,
0.914089280000000,\xDC,,
0.914184640000000,\x05,,
0.914280000000000,\x94,,
0.914375360000000,\xEC,,
0.915392960000000, ,,
0.915488480000000,@,,
0.915583840000000,\xD5,,
0.915679200000000,\xC5,,
0.915774560000000,\xEB,,
0.915869920000000,\xD5,,
0.915965440000000,E,,
0.916060800000000,U,,
0.916156160000000,\xA8,,
0.916251520000000,\xC5,,
0.916346880000000,\xDC,,
0.916442240000000,\xD5,,
0.916537760000000,\xDC,,
0.916633120000000,U,,
0.916728480000000,\xDC,,
0.916823840000000,\xC5,,
0.916919200000000,\xDC,,
0.917014560000000,\xD5,,
0.917110080000000,\xDC,,
0.917205440000000,U,,
0.917300800000000,\xDC,,
0.917396160000000,\xC5,,
0.917491520000000,\xDC,,
0.917587040000000,\xD5,,
0.917682400000000,\xDC,,
0.917777760000000,U,,
0.917873120000000,\xDC,,
0.917968480000000,\x05,,
0.918063840000000,\xDC,,
0.918159360000000,\x05,,
0.918254720000000,\x94,,
0.918350080000000,\xEC,,
0.919392960000000, ,,
0.919488320000000,@,,
0.919583680000000,\xD5,,
0.919679200000000,\xC5,,
0.919774560000000,\xEB,,
0.919869920000000,\xD5,,
0.919965280000000,E,,
0.920060640000000,U,,
0.920156000000000,\xA8,,
0.920251520000000,\xC5,,
0.920346880000000,\xDC,,
0.920442240000000,\xD5,,
0.920537600000000,\xDC,,
0.920632960000000,U,,
0.920728480000000,\xDC,,
0.920823840000000,\xC5,,
0.920919200000000,\xDC,,
0.921014560000000,\xD5,,
0.921109920000000,\xDC,,
0.921205280000000,U,,
0.921300800000000,\xDC,,
0.921396160000000,\xC5,,
0.921491520000000,\xDC,,
0.921586880000000,\xD5,,
0.921682240000000,\xDC,,
0.921777760000000,U,,
0.921873120000000,\xDC,,
0.921968480000000,\x05,,
0.922063840000000,\xDC,,
0.922159200000000,\x05,,
0.922254560000000,\x94,,
0.922350080000000,\xEC,,
0.923392960000000, ,,
0.923488320000000,@,,
0.923583680000000,\xD5,,
0.923679040000000,\xC5,,
0.923774560000000,\xEB,,
0.923869920000000,\xD5,,
0.923965280000000,E,,
0.924060640000000,U,,
0.924156000000000,\xA8,,
0.924251360000000,\xC5,,
0.924346880000000,\xDC,,
0.924442240000000,\xD5,,
0.924537600000000,\xDC,,
0.924632960000000,U,,
0.924728320000000,\xDC,,
0.924823840000000,\xC5,,
0.924919200000000,\xDC,,
0.925014560000000,\xD5,,
0.925109920000000,\xDC,,
0.925205280000000,U,,
0.925300640000000,\xDC,,
0.925396160000000,\xC5,,
0.925491520000000,\xDC,,
0.925586880000000,\xD5,,
0.925682240000000,\xDC,,
0.925777600000000,U,,
0.925872960000000,\xDC,,
0.925968480000000,\x05,,
0.926063840000000,\xDC,,
0.926159200000000,\x05,,
0.926254560000000,\x94,,
0.926349920000000,\xEC,,
0.927392800000000, ,,
0.927488160000000,@,,
0.927583680000000,\xD5,,
0.927679040000000,\xC5,,
0.927774400000000,\xEB,,
0.927869760000000,\xD5,,
0.927965120000000,E,,
0.928060480000000,U,,
0.928156000000000,\xA8,,
0.928251360000000,\xC5,,
0.928346720000000,\xDC,,
0.928442080000000,\xD5,,
0.928537440000000,\xDC,,
0.928632960000000,U,,
0.928728320000000,\xDC,,
0.928823680000000,\xC5,,
0.928919040000000,\xDC,,
0.929014400000000,\xD5,,
0.929109760000000,\xDC,,
0.929205280000000,U,,
0.929300640000000,\xDC,,
0.929396000000000,\xC5,,
0.929491360000000,\xDC,,
0.929586720000000,\xD5,,
0.929682240000000,\xDC,,
0.929777600000000,U,,
0.929872960000000,\xDC,,
0.929968320000000,\x05,,
0.930063680000000,\xDC,,
0.930159040000000,\x05,,
0.930254560000000,\x94,,
0.930349920000000,\xEC,,
0.931392800000000, ,,
0.931488160000000,@,,
0.931583520000000,\xD5,,
0.931678880000000,\xC5,,
0.931774240000000,\xEB,,
0.931869760000000,\xD5,,
0.931965120000000,E,,
0.932060480000000,U,,
0.932155840000000,\xA8,,
0.932251200000000,\xC5,,
0.932346720000000,\xDC,,
0.932442080000000,\xD5,,
0.932537440000000,\xDC,,
0.932632800000000,U,,
0.932728160000000,\xDC,,
0.932823520000000,\xC5,,
0.932919040000000,\xDC,,
0.933014400000000,\xD5,,
0.933109760000000,\xDC,,
0.933205120000000,U,,
0.933300480000000,\xDC,,
0.933396000000000,\xC5,,
0.933491360000000,\xDC,,
0.933586720000000,\xD5,,
0.933682080000000,\xDC,,
0.933777440000000,U,,
0.933872960000000,\xDC,,
0.933968320000000,\x05,,
0.934063680000000,\xDC,,
0.934159040000000,\x05,,
0.934254400000000,\x94,,
0.934349760000000,\xEC,,
0.935392640000000, ,,
0.935488000000000,@,,
0.935583520000000,\xD5,,
0.935678880000000,\xC5,,
0.935774240000000,\xEB,,
0.935869600000000,\xD5,,
0.935964960000000,E,,
0.936060320000000,U,,
0.936155840000000,\xA8,,
0.936251200000000,\xC5,,
0.936346560000000,\xDC,,
0.936441920000000,\xD5,,
0.936537280000000,\xDC,,
0.936632800000000,U,,
0.936728160000000,\xDC,,
0.936823520000000,\xC5,,
0.936918880000000,\xDC,,
0.937014240000000,\xD5,,
0.937109600000000,\xDC,,
0.937205120000000,U,,
0.937300480000000,\xDC,,
0.937395840000000,\xC5,,
0.937491200000000,\xDC,,
0.937586560000000,\xD5,,
0.937682080000000,\xDC,,
0.937777440000000,U,,
0.937872800000000,\xDC,,
0.937968160000000,\x05,,
0.938063520000000,\xDC,,
0.938158880000000,\x05,,
0.938254400000000,\x94,,
0.938349760000000,\xEC,,
0.939392640000000, ,,
0.939488000000000,@,,
0.939583360000000,\xD5,,
0.939678880000000,\xC5,,
0.939774240000000,\xEB,,
0.939869600000000,\xD5,,
0.939964960000000,E,,
0.940060320000000,U,,
0.940155680000000,\xA8,,
0.940251200000000,\xC5,,
0.940346560000000,\xDC,,
0.940441920000000,\xD5,,
0.940537280000000,\xDC,,
0.940632640000000,U,,
0.940728160000000,\xDC,,
0.940823520000000,\xC5,,
0.940918880000000,\xDC,,
0.941014240000000,\xD5,,
0.941109600000000,\xDC,,
0.941204960000000,U,,
0.941300480000000,\xDC,,
0.941395840000000,\xC5,,
0.941491200000000,\xDC,,
0.941586560000000,\xD5,,
0.941681920000000,\xDC,,
0.941777440000000,U,,
0.941872800000000,\xDC,,
0.941968160000000,\x05,,
0.942063520000000,\xDC,,
0.942158880000000,\x05,,
0.942254240000000,\x94,,
0.942349760000000,\xEC,,
0.943405120000000, ,,
0.943500480000000,@,,
0.943595840000000,\xD5,,
0.943691200000000,\xC5,,
0.943786720000000,\xEB,,
0.943882080000000,\xD5,,
0.943977440000000,E,,
0.944072800000000,U,,
0.944168160000000,\xA8,,
0.944263520000000,\xC5,,
0.944359040000000,\xDC,,
0.944454400000000,\xD5,,
0.944549760000000,\xDC,,
0.944645120000000,U,,
0.944740480000000,\xDC,,
0.944836000000000,\xC5,,
0.944931360000000,\xDC,,
0.945026720000000,\xD5,,
0.945122080000000,\xDC,,
0.945217440000000,U,,
0.945312800000000,\xDC,,
0.945408320000000,\xC5,,
0.945503680000000,\xDC,,
0.945599040000000,\xD5,,
0.945694400000000,\xDC,,
0.945789760000000,U,,
0.945885280000000,\xDC,,
0.945980640000000,\x05,,
0.946076000000000,\xDC,,
0.946171360000000,\x05,,
0.946266720000000,\x94,,
0.946362080000000,\xEC,,
0.947392480000000, ,,
0.947487840000000,@,,
0.947583200000000,\xD5,,
0.947678720000000,\xC5,,
0.947774080000000,\xEB,,
0.947869440000000,\xD5,,
0.947964800000000,E,,
0.948060160000000,U,,
0.948155520000000,\xA8,,
0.948251040000000,\xC5,,
0.948346400000000,\xDC,,
0.948441760000000,\xD5,,
0.948537120000000,\xDC,,
0.948632480000000,U,,
0.948727840000000,\xDC,,
0.948823360000000,\xC5,,
0.948918720000000,\xDC,,
0.949014080000000,\xD5,,
0.949109440000000,\xDC,,
0.949204800000000,U,,
0.949300320000000,\xDC,,
0.949395680000000,\xC5,,
0.949491040000000,\xDC,,
0.949586400000000,\xD5,,
0.949681760000000,\xDC,,
0.949777120000000,U,,
0.949872640000000,\xDC,,
0.949968000000000,\x05,,
0.950063360000000,\xDC,,
0.950158720000000,\x05,,
0.950254080000000,\x94,,
0.950349600000000,\xEC,,
0.951402080000000, ,,
0.951497440000000,@,,
0.951592800000000,\xD5,,
0.951688160000000,\xC5,,
0.951783520000000,\xEB,,
0.951879040000000,\xD5,,
0.951974400000000,E,,
0.952069760000000,U,,
0.952165120000000,\xA8,,
0.952260480000000,\xC5,,
0.952355840000000,\xDC,,
0.952451360000000,\xD5,,
0.952546720000000,\xDC,,
0.952642080000000,U,,
0.952737440000000,\xDC,,
0.952832800000000,\xC5,,
0.952928320000000,\xDC,,
0.953023680000000,\xD5,,
0.953119040000000,\xDC,,
0.953214400000000,U,,
0.953309760000000,\xDC,,
0.953405120000000,\xC5,,
0.953500640000000,\xDC,,
0.953596000000000,\xD5,,
0.953691360000000,\xDC,,
0.953786720000000,U,,
0.953882080000000,\xDC,,
0.953977600000000,\x05,,
0.954072960000000,\xDC,,
0.954168320000000,\x05,,
0.954263680000000,\x94,,
0.954359040000000,\xEC,,
0.955393760000000, ,,
0.955489120000000,@,,
0.955584480000000,\xD5,,
0.955680000000000,\xC5,,
0.955775360000000,\xEB,,
0.955870720000000,\xD5,,
0.955966080000000,E,,
0.956061440000000,U,,
0.956156960000000,\xA8,,
0.956252320000000,\xC5,,
0.956347680000000,\xDC,,
0.956443040000000,\xD5,,
0.956538400000000,\xDC,,
0.956633920000000,U,,
0.956729280000000,\xDC,,
0.956824640000000,\xC5,,
0.956920000000000,\xDC,,
0.957015360000000,\xD5,,
0.957110720000000,\xDC,,
0.957206240000000,U,,
0.957301600000000,\xDC,,
0.957396960000000,\xC5,,
0.957492320000000,\xDC,,
0.957587680000000,\xD5,,
0.957683200000000,\xDC,,
0.957778560000000,U,,
0.957873920000000,\xDC,,
0.957969280000000,\x05,,
0.958064640000000,\xDC,,
0.958160000000000,\x05,,
0.958255520000000,\x94,,
0.958350880000000,\xEC,,
0.959392320000000, ,,
0.959487680000000,@,,
0.959583040000000,\xD5,,
0.959678400000000,\xC5,,
0.959773760000000,\xEB,,
0.959869120000000,\xD5,,
0.959964640000000,E,,
0.960060000000000,U,,
0.960155360000000,\xA8,,
0.960250720000000,\xC5,,
0.960346080000000,\xDC,,
0.960441600000000,\xD5,,
0.960536960000000,\xDC,,
0.960632320000000,U,,
0.960727680000000,\xDC,,
0.960823040000000,\xC5,,
0.960918400000000,\xDC,,
0.961013920000000,\xD5,,
0.961109280000000,\xDC,,
0.961204640000000,U,,
0.961300000000000,\xDC,,
0.961395360000000,\xC5,,
0.961490880000000,\xDC,,
0.961586240000000,\xD5,,
0.961681600000000,\xDC,,
0.961776960000000,U,,
0.961872320000000,\xDC,,
0.961967680000000,\x05,,
0.962063200000000,\xDC,,
0.962158560000000,\x05,,
0.962253920000000,\x94,,
0.962349280000000,\xEC,,
0.963392160000000, ,,
0.963487520000000,@,,
0.963583040000000,\xD5,,
0.963678400000000,\xC5,,
0.963773760000000,\xEB,,
0.963869120000000,\xD5,,
0.963964480000000,E,,
0.964060000000000,U,,
0.964155360000000,\xA8,,
0.964250720000000,\xC5,,
0.964346080000000,\xDC,,
0.964441440000000,\xD5,,
0.964536800000000,\xDC,,
0.964632320000000,U,,
0.964727680000000,\xDC,,
0.964823040000000,\xC5,,
0.964918400000000,\xDC,,
0.965013760000000,\xD5,,
0.965109280000000,\xDC,,
0.965204640000000,U,,
0.965300000000000,\xDC,,
0.965395360000000,\xC5,,
0.965490720000000,\xDC,,
0.965586080000000,\xD5,,
0.965681600000000,\xDC,,
0.965776960000000,U,,
0.965872320000000,\xDC,,
0.965967680000000,\x05,,
0.966063040000000,\xDC,,
0.966158560000000,\x05,,
0.966253920000000,\x94,,
0.966349280000000,\xEC,,
0.967392160000000, ,,
0.967487520000000,@,,
0.967582880000000,\xD5,,
0.967678240000000,\xC5,,
0.967773760000000,\xEB,,
0.967869120000000,\xD5,,
0.967964480000000,E,,
0.968059840000000,U,,
0.968155200000000,\xA8,,
0.968250560000000,\xC5,,
0.968346080000000,\xDC,,
0.968441440000000,\xD5,,
0.968536800000000,\xDC,,
0.968632160000000,U,,
0.968727520000000,\xDC,,
0.968822880000000,\xC5,,
0.968918400000000,\xDC,,
0.969013760000000,\xD5,,
0.969109120000000,\xDC,,
0.969204480000000,U,,
0.969299840000000,\xDC,,
0.969395360000000,\xC5,,
0.969490720000000,\xDC,,
0.969586080000000,\xD5,,
0.969681440000000,\xDC,,
0.969776800000000,U,,
0.969872160000000,\xDC,,
0.969967680000000,\x05,,
0.970063040000000,\xDC,,
0.970158400000000,\x05,,
0.970253760000000,\x94,,
0.970349120000000,\xEC,,
0.971392000000000, ,,
0.971487520000000,@,,
0.971582880000000,\xD5,,
0.971678240000000,\xC5,,
0.971773600000000,\xEB,,
0.971868960000000,\xD5,,
0.971964320000000,E,,
0.972059840000000,U,,
0.972155200000000,\xA8,,
0.972250560000000,\xC5,,
0.972345920000000,\xDC,,
0.972441280000000,\xD5,,
0.972536800000000,\xDC,,
0.972632160000000,U,,
0.972727520000000,\xDC,,
0.972822880000000,\xC5,,
0.972918240000000,\xDC,,
0.973013600000000,\xD5,,
0.973109120000000,\xDC,,
0.973204480000000,U,,
0.973299840000000,\xDC,,
0.973395200000000,\xC5,,
0.973490560000000,\xDC,,
0.973586080000000,\xD5,,
0.973681440000000,\xDC,,
0.973776800000000,U,,
0.973872160000000,\xDC,,
0.973967520000000,\x05,,
0.974062880000000,\xDC,,
0.974158400000000,\x05,,
0.974253760000000,\x94,,
0.974349120000000,\xEC,,
0.975392000000000, ,,
0.975487360000000,@,,
0.975582720000000,\xD5,,
0.975678240000000,\xC5,,
0.975773600000000,\xEB,,
0.975868960000000,\xD5,,
0.975964320000000,E,,
0.976059680000000,U,,
0.976155040000000,\xA8,,
0.976250560000000,\xC5,,
0.976345920000000,\xDC,,
0.976441280000000,\xD5,,
0.976536640000000,\xDC,,
0.976632000000000,U,,
0.976727520000000,\xDC,,
0.976822880000000,\xC5,,
0.976918240000000,\xDC,,
0.977013600000000,\xD5,,
0.977108960000000,\xDC,,
0.977204480000000,U,,
0.977299840000000,\xDC,,
0.977395200000000,\xC5,,
0.977490560000000,\xDC,,
0.977585920000000,\xD5,,
0.977681280000000,\xDC,,
0.977776800000000,U,,
0.977872160000000,\xDC,,
0.977967520000000,\x05,,
0.978062880000000,\xDC,,
0.978158240000000,\x05,,
0.978253760000000,\x94,,
0.978349120000000,\xEC,,
0.979391840000000, ,,
0.979487360000000,@,,
0.979582720000000,\xD5,,
0.979678080000000,\xC5,,
0.979773440000000,\xEB,,
0.979868800000000,\xD5,,
0.979964160000000,E,,
0.980059680000000,U,,
0.980155040000000,\xA8,,
0.980250400000000,\xC5,,
0.980345760000000,\xDC,,
0.980441120000000,\xD5,,
0.980536640000000,\xDC,,
0.980632000000000,U,,
0.980727360000000,\xDC,,
0.980822720000000,\xC5,,
0.980918080000000,\xDC,,
0.981013440000000,\xD5,,
0.981108960000000,\xDC,,
0.981204320000000,U,,
0.981299680000000,\xDC,,
0.981395040000000,\xC5,,
0.981490400000000,\xDC,,
0.981585920000000,\xD5,,
0.981681280000000,\xDC,,
0.981776640000000,U,,
0.981872000000000,\xDC,,
0.981967360000000,\x05,,
0.982062880000000,\xDC,,
0.982158240000000,\x05,,
0.982253600000000,\x94,,
0.982348960000000,\xEC,,
0.983391840000000, ,,
0.983487360000000,@,,
0.983582720000000,\xD5,,
0.983678080000000,\xC5,,
0.983773440000000,\xEB,,
0.983868800000000,\xD5,,
0.983964320000000,E,,
0.984059680000000,U,,
0.984155040000000,\xA8,,
0.984250400000000,\xC5,,
0.984345760000000,\xDC,,
0.984441120000000,\xD5,,
0.984536640000000,\xDC,,
0.984632000000000,U,,
0.984727360000000,\xDC,,
0.984822720000000,\xC5,,
0.984918080000000,\xDC,,
0.985013440000000,\xD5,,
0.985108960000000,\xDC,,
0.985204320000000,U,,
0.985299680000000,\xDC,,
0.985395040000000,\xC5,,
0.985490400000000,\xDC,,
0.985585920000000,\xD5,,
0.985681280000000,\xDC,,
0.985776640000000,U,,
0.985872000000000,\xDC,,
0.985967360000000,\x05,,
0.986062720000000,\xDC,,
0.986158240000000,\x05,,
0.986253600000000,\x94,,
0.986348960000000,\xEC,,
0.987391840000000, ,,
0.987487200000000,@,,
0.987582560000000,\xD5,,
0.987677920000000,\xC5,,
0.987773280000000,\xEB,,
0.987868640000000,\xD5,,
0.987964160000000,E,,
0.988059520000000,U,,
0.988154880000000,\xA8,,
0.988250240000000,\xC5,,
0.988345600000000,\xDC,,
0.988441120000000,\xD5,,
0.988536480000000,\xDC,,
0.988631840000000,U,,
0.988727200000000,\xDC,,
0.988822560000000,\xC5,,
0.988917920000000,\xDC,,
0.989013440000000,\xD5,,
0.989108800000000,\xDC,,
0.989204160000000,U,,
0.989299520000000,\xDC,,
0.989394880000000,\xC5,,
0.989490400000000,\xDC,,
0.989585760000000,\xD5,,
0.989681120000000,\xDC,,
0.989776480000000,U,,
0.989871840000000,\xDC,,
0.989967200000000,\x05,,
0.990062720000000,\xDC,,
0.990158080000000,\x05,,
0.990253440000000,\x94,,
0.990348800000000,\xEC,,
0.991391680000000, ,,
0.991487200000000,@,,
0.991582560000000,\xD5,,
0.991677920000000,\xC5,,
0.991773280000000,\xEB,,
0.991868640000000,\xD5,,
0.991964000000000,E,,
0.992059520000000,U,,
0.992154880000000,\xA8,,
0.992250240000000,\xC5,,
0.992345600000000,\xDC,,
0.992440960000000,\xD5,,
0.992536480000000,\xDC,,
0.992631840000000,U,,
0.992727200000000,\xDC,,
0.992822560000000,\xC5,,
0.992917920000000,\xDC,,
0.993013280000000,\xD5,,
0.993108800000000,\xDC,,
0.993204160000000,U,,
0.993299520000000,\xDC,,
0.993394880000000,\xC5,,
0.993490240000000,\xDC,,
0.993585760000000,\xD5,,
0.993681120000000,\xDC,,
0.993776480000000,U,,
0.993871840000000,\xDC,,
0.993967200000000,\x05,,
0.994062560000000,\xDC,,
0.994158080000000,\x05,,
0.994253440000000,\x94,,
0.994348800000000,\xEC,,
0.995400000000000, ,,
0.995495360000000,@,,
0.995590880000000,\xD5,,
0.995686240000000,\xC5,,
0.995781600000000,\xEB,,
0.995876960000000,\xD5,,
0.995972320000000,E,,
0.996067680000000,U,,
0.996163200000000,\xA8,,
0.996258560000000,\xC5,,
0.996353920000000,\xDC,,
0.996449280000000,\xD5,,
0.996544640000000,\xDC,,
0.996640160000000,U,,
0.996735520000000,\xDC,,
0.996830880000000,\xC5,,
0.996926240000000,\xDC,,
0.997021600000000,\xD5,,
0.997116960000000,\xDC,,
0.997212480000000,U,,
0.997307840000000,\xDC,,
0.997403200000000,\xC5,,
0.997498560000000,\xDC,,
0.997593920000000,\xD5,,
0.997689280000000,\xDC,,
0.997784800000000,U,,
0.997880160000000,\xDC,,
0.997975520000000,\x05,,
0.998070880000000,\xDC,,
0.998166240000000,\x05,,
0.998261760000000,\x94,,
0.998357120000000,\xEC,,
0.999392960000000, ,,
0.999488480000000,@,,
0.999583840000000,\xD5,,
0.999679200000000,\xC5,,
0.999774560000000,\xEB,,
0.999869920000000,\xD5,,
0.999965280000000,E,,
1.000060800000000,U,,
1.000156160000000,\xA8,,
1.000251520000000,\xC5,,
1.000346880000000,\xDC,,
1.000442240000000,\xD5,,
1.000537760000000,\xDC,,
1.000633120000000,U,,
1.000728480000000,\xDC,,
1.000823840000000,\xC5,,
1.000919200000000,\xDC,,
1.001014560000000,\xD5,,
1.001110080000000,\xDC,,
1.001205440000000,U,,
1.001300800000000,\xDC,,
1.001396160000000,\xC5,,
1.001491520000000,\xDC,,
1.001587040000000,\xD5,,
1.001682400000000,\xDC,,
1.001777760000000,U,,
1.001873120000000,\xDC,,
1.001968480000000,\x05,,
1.002063840000000,\xDC,,
1.002159360000000,\x05,,
1.002254720000000,\x94,,
1.002350080000000,\xEC,,
1.003402880000000, ,,
1.003498400000000,@,,
1.003593760000000,\xD5,,
1.003689120000000,\xC5,,
1.003784480000000,\xEB,,
1.003879840000000,\xD5,,
1.003975200000000,E,,
1.004070720000000,U,,
1.004166080000000,\xA8,,
1.004261440000000,\xC5,,
1.004356800000000,\xDC,,
1.004452160000000,\xD5,,
1.004547680000000,\xDC,,
1.004643040000000,U,,
1.004738400000000,\xDC,,
1.004833760000000,\xC5,,
1.004929120000000,\xDC,,
1.005024480000000,\xD5,,
1.005120000000000,\xDC,,
1.005215360000000,U,,
1.005310720000000,\xDC,,
1.005406080000000,\xC5,,
1.005501440000000,\xDC,,
1.005596960000000,\xD5,,
1.005692320000000,\xDC,,
1.005787680000000,U,,
1.005883040000000,\xDC,,
1.005978400000000,\x05,,
1.006073760000000,\xDC,,
1.006169280000000,\x05,,
1.006264640000000,\x94,,
1.006360000000000,\xEC,,
1.007415520000000, ,,
1.007510880000000,@,,
1.007606240000000,\xD5,,
1.007701600000000,\xC5,,
1.007796960000000,\xEB,,
1.007892480000000,\xD5,,
1.007987840000000,E,,
1.008083200000000,U,,
1.008178560000000,\xA8,,
1.008273920000000,\xC5,,
1.008369280000000,\xDC,,
1.008464800000000,\xD5,,
1.008560160000000,\xDC,,
1.008655520000000,U,,
1.008750880000000,\xDC,,
1.008846240000000,\xC5,,
1.008941760000000,\xDC,,
1.009037120000000,\xD5,,
1.009132480000000,\xDC,,
1.009227840000000,U,,
1.009323200000000,\xDC,,
1.009418560000000,\xC5,,
1.009514080000000,\xDC,,
1.009609440000000,\xD5,,
1.009704800000000,\xDC,,
1.009800160000000,U,,
1.009895520000000,\xDC,,
1.009991040000000,\x05,,
1.010086400000000,\xDC,,
1.010181760000000,\x05,,
1.010277120000000,\x94,,
1.010372480000000,\xEC,,
1.011391360000000, ,,
1.011486880000000,@,,
1.011582240000000,\xD5,,
1.011677600000000,\xC5,,
1.011772960000000,\xEB,,
1.011868320000000,\xD5,,
1.011963680000000,E,,
1.012059200000000,U,,
1.012154560000000,\xA8,,
1.012249920000000,\xC5,,
1.012345280000000,\xDC,,
1.012440640000000,\xD5,,
1.012536160000000,\xDC,,
1.012631520000000,U,,
1.012726880000000,\xDC,,
1.012822240000000,\xC5,,
1.012917600000000,\xDC,,
1.013012960000000,\xD5,,
1.013108480000000,\xDC,,
1.013203840000000,U,,
1.013299200000000,\xDC,,
1.013394560000000,\xC5,,
1.013489920000000,\xDC,,
1.013585440000000,\xD5,,
1.013680800000000,\xDC,,
1.013776160000000,U,,
1.013871520000000,\xDC,,
1.013966880000000,\x05,,
1.014062240000000,\xDC,,
1.014157760000000,\x05,,
1.014253120000000,\x94,,
1.014348480000000,\xEC,,
1.015391360000000, ,,
1.015486720000000,@,,
1.015582080000000,\xD5,,
1.015677440000000,\xC5,,
1.015772800000000,\xEB,,
1.015868160000000,\xD5,,
1.015963680000000,E,,
1.016059040000000,U,,
1.016154400000000,\xA8,,
1.016249760000000,\xC5,,
1.016345120000000,\xDC,,
1.016440640000000,\xD5,,
1.016536000000000,\xDC,,
1.016631360000000,U,,
1.016726720000000,\xDC,,
1.016822080000000,\xC5,,
1.016917440000000,\xDC,,
1.017012960000000,\xD5,,
1.017108320000000,\xDC,,
1.017203680000000,U,,
1.017299040000000,\xDC,,
1.017394400000000,\xC5,,
1.017489760000000,\xDC,,
1.017585280000000,\xD5,,
1.017680640000000,\xDC,,
1.017776000000000,U,,
1.017871360000000,\xDC,,
1.017966720000000,\x05,,
1.018062240000000,\xDC,,
1.018157600000000,\x05,,
1.018252960000000,\x94,,
1.018348320000000,\xEC,,
1.019421600000000, ,,
1.019516960000000,@,,
1.019612480000000,\xD5,,
1.019707840000000,\xC5,,
1.019803200000000,\xEB,,
1.019898560000000,\xD5,,
1.019993920000000,E,,
1.020089440000000,U,,
1.020184800000000,\xA8,,
1.020280160000000,\xC5,,
1.020375520000000,\xDC,,
1.020470880000000,\xD5,,
1.020566240000000,\xDC,,
1.020661760000000,U,,
1.020757120000000,\xDC,,
1.020852480000000,\xC5,,
1.020947840000000,\xDC,,
1.021043200000000,\xD5,,
1.021138720000000,\xDC,,
1.021234080000000,U,,
1.021329440000000,\xDC,,
1.021424800000000,\xC5,,
1.021520160000000,\xDC,,
1.021615520000000,\xD5,,
1.021711040000000,\xDC,,
1.021806400000000,U,,
1.021901760000000,\xDC,,
1.021997120000000,\x05,,
1.022092480000000,\xDC,,
1.022187840000000,\x05,,
1.022283360000000,\x94,,
1.022378720000000,\xEC,,
1.023391200000000, ,,
1.023486560000000,@,,
1.023581920000000,\xD5,,
1.023677440000000,\xC5,,
1.023772800000000,\xEB,,
1.023868160000000,\xD5,,
1.023963520000000,E,,
1.024058880000000,U,,
1.024154240000000,\xA8,,
1.024249760000000,\xC5,,
1.024345120000000,\xDC,,
1.024440480000000,\xD5,,
1.024535840000000,\xDC,,
1.024631200000000,U,,
1.024726560000000,\xDC,,
1.024822080000000,\xC5,,
1.024917440000000,\xDC,,
1.025012800000000,\xD5,,
1.025108160000000,\xDC,,
1.025203520000000,U,,
1.025299040000000,\xDC,,
1.025394400000000,\xC5,,
1.025489760000000,\xDC,,
1.025585120000000,\xD5,,
1.025680480000000,\xDC,,
1.025775840000000,U,,
1.025871360000000,\xDC,,
1.025966720000000,\x05,,
1.026062080000000,\xDC,,
1.026157440000000,\x05,,
1.026252800000000,\x94,,
1.026348320000000,\xEC,,
1.027391040000000, ,,
1.027486400000000,@,,
1.027581760000000,\xD5,,
1.027677280000000,\xC5,,
1.027772640000000,\xEB,,
1.027868000000000,\xD5,,
1.027963360000000,E,,
1.028058720000000,U,,
1.028154240000000,\xA8,,
1.028249600000000,\xC5,,
1.028344960000000,\xDC,,
1.028440320000000,\xD5,,
1.028535680000000,\xDC,,
1.028631040000000,U,,
1.028726560000000,\xDC,,
1.028821920000000,\xC5,,
1.028917280000000,\xDC,,
1.029012640000000,\xD5,,
1.029108000000000,\xDC,,
1.029203520000000,U,,
1.029298880000000,\xDC,,
1.029394240000000,\xC5,,
1.029489600000000,\xDC,,
1.029584960000000,\xD5,,
1.029680320000000,\xDC,,
1.029775840000000,U,,
1.029871200000000,\xDC,,
1.029966560000000,\x05,,
1.030061920000000,\xDC,,
1.030157280000000,\x05,,
1.030252800000000,\x94,,
1.030348160000000,\xEC,,
1.031391040000000, ,,
1.031486400000000,@,,
1.031581920000000,\xD5,,
1.031677280000000,\xC5,,
1.031772640000000,\xEB,,
1.031868000000000,\xD5,,
1.031963360000000,E,,
1.032058720000000,U,,
1.032154240000000,\xA8,,
1.032249600000000,\xC5,,
1.032344960000000,\xDC,,
1.032440320000000,\xD5,,
1.032535680000000,\xDC,,
1.032631200000000,U,,
1.032726560000000,\xDC,,
1.032821920000000,\xC5,,
1.032917280000000,\xDC,,
1.033012640000000,\xD5,,
1.033108000000000,\xDC,,
1.033203520000000,U,,
1.033298880000000,\xDC,,
1.033394240000000,\xC5,,
1.033489600000000,\xDC,,
1.033584960000000,\xD5,,
1.033680320000000,\xDC,,
1.033775840000000,U,,
1.033871200000000,\xDC,,
1.033966560000000,\x05,,
1.034061920000000,\xDC,,
1.034157280000000,\x05,,
1.034252800000000,\x94,,
1.034348160000000,\xEC,,
1.035391040000000, ,,
1.035486400000000,@,,
1.035581760000000,\xD5,,
1.035677120000000,\xC5,,
1.035772480000000,\xEB,,
1.035867840000000,\xD5,,
1.035963360000000,E,,
1.036058720000000,U,,
1.036154080000000,\xA8,,
1.036249440000000,\xC5,,
1.036344800000000,\xDC,,
1.036440320000000,\xD5,,
1.036535680000000,\xDC,,
1.036631040000000,U,,
1.036726400000000,\xDC,,
1.036821760000000,\xC5,,
1.036917120000000,\xDC,,
1.037012640000000,\xD5,,
1.037108000000000,\xDC,,
1.037203360000000,U,,
1.037298720000000,\xDC,,
1.037394080000000,\xC5,,
1.037489440000000,\xDC,,
1.037584960000000,\xD5,,
1.037680320000000,\xDC,,
1.037775680000000,U,,
1.037871040000000,\xDC,,
1.037966400000000,\x05,,
1.038061920000000,\xDC,,
1.038157280000000,\x05,,
1.038252640000000,\x94,,
1.038348000000000,\xEC,,
1.039390880000000, ,,
1.039486240000000,@,,
1.039581760000000,\xD5,,
1.039677120000000,\xC5,,
1.039772480000000,\xEB,,
1.039867840000000,\xD5,,
1.039963200000000,E,,
1.040058560000000,U,,
1.040154080000000,\xA8,,
1.040249440000000,\xC5,,
1.040344800000000,\xDC,,
1.040440160000000,\xD5,,
1.040535520000000,\xDC,,
1.040631040000000,U,,
1.040726400000000,\xDC,,
1.040821760000000,\xC5,,
1.040917120000000,\xDC,,
1.041012480000000,\xD5,,
1.041108000000000,\xDC,,
1.041203360000000,U,,
1.041298720000000,\xDC,,
1.041394080000000,\xC5,,
1.041489440000000,\xDC,,
1.041584800000000,\xD5,,
1.041680320000000,\xDC,,
1.041775680000000,U,,
1.041871040000000,\xDC,,
1.041966400000000,\x05,,
1.042061760000000,\xDC,,
1.042157280000000,\x05,,
1.042252640000000,\x94,,
1.042348000000000,\xEC,,
1.043390720000000, ,,
1.043486240000000,@,,
1.043581600000000,\xD5,,
1.043676960000000,\xC5,,
1.043772320000000,\xEB,,
1.043867680000000,\xD5,,
1.043963200000000,E,,
1.044058560000000,U,,
1.044153920000000,\xA8,,
1.044249280000000,\xC5,,
1.044344640000000,\xDC,,
1.044440160000000,\xD5,,
1.044535520000000,\xDC,,
1.044630880000000,U,,
1.044726240000000,\xDC,,
1.044821600000000,\xC5,,
1.044916960000000,\xDC,,
1.045012480000000,\xD5,,
1.045107840000000,\xDC,,
1.045203200000000,U,,
1.045298560000000,\xDC,,
1.045393920000000,\xC5,,
1.045489440000000,\xDC,,
1.045584800000000,\xD5,,
1.045680160000000,\xDC,,
1.045775520000000,U,,
1.045870880000000,\xDC,,
1.045966240000000,\x05,,
1.046061760000000,\xDC,,
1.046157120000000,\x05,,
1.046252480000000,\x94,,
1.046347840000000,\xEC,,
1.047390720000000, ,,
1.047486080000000,@,,
1.047581440000000,\xD5,,
1.047676800000000,\xC5,,
1.047772320000000,\xEB,,
1.047867680000000,\xD5,,
1.047963040000000,E,,
1.048058400000000,U,,
1.048153760000000,\xA8,,
1.048249280000000,\xC5,,
1.048344640000000,\xDC,,
1.048440000000000,\xD5,,
1.048535360000000,\xDC,,
1.048630720000000,U,,
1.048726080000000,\xDC,,
1.048821600000000,\xC5,,
1.048916960000000,\xDC,,
1.049012320000000,\xD5,,
1.049107680000000,\xDC,,
1.049203040000000,U,,
1.049298560000000,\xDC,,
1.049393920000000,\xC5,,
1.049489280000000,\xDC,,
1.049584640000000,\xD5,,
1.049680000000000,\xDC,,
1.049775520000000,U,,
1.049870880000000,\xDC,,
1.049966240000000,\x05,,
1.050061600000000,\xDC,,
1.050156960000000,\x05,,
1.050252320000000,\x94,,
1.050347840000000,\xEC,,
1.051392160000000, ,,
1.051487520000000,@,,
1.051583040000000,\xD5,,
1.051678400000000,\xC5,,
1.051773760000000,\xEB,,
1.051869120000000,\xD5,,
1.051964480000000,E,,
1.052060000000000,U,,
1.052155360000000,\xA8,,
1.052250720000000,\xC5,,
1.052346080000000,\xDC,,
1.052441440000000,\xD5,,
1.052536800000000,\xDC,,
1.052632320000000,U,,
1.052727680000000,\xDC,,
1.052823040000000,\xC5,,
1.052918400000000,\xDC,,
1.053013760000000,\xD5,,
1.053109120000000,\xDC,,
1.053204640000000,U,,
1.053300000000000,\xDC,,
1.053395360000000,\xC5,,
1.053490720000000,\xDC,,
1.053586080000000,\xD5,,
1.053681600000000,\xDC,,
1.053776960000000,U,,
1.053872320000000,\xDC,,
1.053967680000000,\x05,,
1.054063040000000,\xDC,,
1.054158400000000,\x05,,
1.054253920000000,\x94,,
1.054349280000000,\xEC,,
1.055398880000000, ,,
1.055494240000000,@,,
1.055589760000000,\xD5,,
1.055685120000000,\xC5,,
1.055780480000000,\xEB,,
1.055875840000000,\xD5,,
1.055971200000000,E,,
1.056066720000000,U,,
1.056162080000000,\xA8,,
1.056257440000000,\xC5,,
1.056352800000000,\xDC,,
1.056448160000000,\xD5,,
1.056543520000000,\xDC,,
1.056639040000000,U,,
1.056734400000000,\xDC,,
1.056829760000000,\xC5,,
1.056925120000000,\xDC,,
1.057020480000000,\xD5,,
1.057116000000000,\xDC,,
1.057211360000000,U,,
1.057306720000000,\xDC,,
1.057402080000000,\xC5,,
1.057497440000000,\xDC,,
1.057592800000000,\xD5,,
1.057688320000000,\xDC,,
1.057783680000000,U,,
1.057879040000000,\xDC,,
1.057974400000000,\x05,,
1.058069760000000,\xDC,,
1.058165280000000,\x05,,
1.058260640000000,\x94,,
1.058356000000000,\xEC,,
1.059415680000000, ,,
1.059511200000000,@,,
1.059606560000000,\xD5,,
1.059701920000000,\xC5,,
1.059797280000000,\xEB,,
1.059892640000000,\xD5,,
1.059988000000000,E,,
1.060083520000000,U,,
1.060178880000000,\xA8,,
1.060274240000000,\xC5,,
1.060369600000000,\xDC,,
1.060464960000000,\xD5,,
1.060560480000000,\xDC,,
1.060655840000000,U,,
1.060751200000000,\xDC,,
1.060846560000000,\xC5,,
1.060941920000000,\xDC,,
1.061037280000000,\xD5,,
1.061132800000000,\xDC,,
1.061228160000000,U,,
1.061323520000000,\xDC,,
1.061418880000000,\xC5,,
1.061514240000000,\xDC,,
1.061609760000000,\xD5,,
1.061705120000000,\xDC,,
1.061800480000000,U,,
1.061895840000000,\xDC,,
1.061991200000000,\x05,,
1.062086560000000,\xDC,,
1.062182080000000,\x05,,
1.062277440000000,\x94,,
1.062372800000000,\xEC,,
1.063390400000000, ,,
1.063485760000000,@,,
1.063581280000000,\xD5,,
1.063676640000000,\xC5,,
1.063772000000000,\xEB,,
1.063867360000000,\xD5,,
1.063962720000000,E,,
1.064058240000000,U,,
1.064153600000000,\xA8,,
1.064248960000000,\xC5,,
1.064344320000000,\xDC,,
1.064439680000000,\xD5,,
1.064535200000000,\xDC,,
1.064630560000000,U,,
1.064725920000000,\xDC,,
1.064821280000000,\xC5,,
1.064916640000000,\xDC,,
1.065012000000000,\xD5,,
1.065107520000000,\xDC,,
1.065202880000000,U,,
1.065298240000000,\xDC,,
1.065393600000000,\xC5,,
1.065488960000000,\xDC,,
1.065584480000000,\xD5,,
1.065679840000000,\xDC,,
1.065775200000000,U,,
1.065870560000000,\xDC,,
1.065965920000000,\x05,,
1.066061280000000,\xDC,,
1.066156800000000,\x05,,
1.066252160000000,\x94,,
1.066347520000000,\xEC,,
1.067397760000000, ,,
1.067493280000000,@,,
1.067588640000000,\xD5,,
1.067684000000000,\xC5,,
1.067779360000000,\xEB,,
1.067874720000000,\xD5,,
1.067970240000000,E,,
1.068065600000000,U,,
1.068160960000000,\xA8,,
1.068256320000000,\xC5,,
1.068351680000000,\xDC,,
1.068447040000000,\xD5,,
1.068542560000000,\xDC,,
1.068637920000000,U,,
1.068733280000000,\xDC,,
1.068828640000000,\xC5,,
1.068924000000000,\xDC,,
1.069019520000000,\xD5,,
1.069114880000000,\xDC,,
1.069210240000000,U,,
1.069305600000000,\xDC,,
1.069400960000000,\xC5,,
1.069496320000000,\xDC,,
1.069591840000000,\xD5,,
1.069687200000000,\xDC,,
1.069782560000000,U,,
1.069877920000000,\xDC,,
1.069973280000000,\x05,,
1.070068640000000,\xDC,,
1.070164160000000,\x05,,
1.070259520000000,\x94,,
1.070354880000000,\xEC,,
1.071400320000000, ,,
1.071495680000000,@,,
1.071591040000000,\xD5,,
1.071686560000000,\xC5,,
1.071781920000000,\xEB,,
1.071877280000000,\xD5,,
1.071972640000000,E,,
1.072068000000000,U,,
1.072163520000000,\xA8,,
1.072258880000000,\xC5,,
1.072354240000000,\xDC,,
1.072449600000000,\xD5,,
1.072544960000000,\xDC,,
1.072640320000000,U,,
1.072735840000000,\xDC,,
1.072831200000000,\xC5,,
1.072926560000000,\xDC,,
1.073021920000000,\xD5,,
1.073117280000000,\xDC,,
1.073212800000000,U,,
1.073308160000000,\xDC,,
1.073403520000000,\xC5,,
1.073498880000000,\xDC,,
1.073594240000000,\xD5,,
1.073689600000000,\xDC,,
1.073785120000000,U,,
1.073880480000000,\xDC,,
1.073975840000000,\x05,,
1.074071200000000,\xDC,,
1.074166560000000,\x05,,
1.074261920000000,\x94,,
1.074357440000000,\xEC,,
1.075390240000000, ,,
1.075485600000000,@,,
1.075580960000000,\xD5,,
1.075676320000000,\xC5,,
1.075771840000000,\xEB,,
1.075867200000000,\xD5,,
1.075962560000000,E,,
1.076057920000000,U,,
1.076153280000000,\xA8,,
1.076248800000000,\xC5,,
1.076344160000000,\xDC,,
1.076439520000000,\xD5,,
1.076534880000000,\xDC,,
1.076630240000000,U,,
1.076725600000000,\xDC,,
1.076821120000000,\xC5,,
1.076916480000000,\xDC,,
1.077011840000000,\xD5,,
1.077107200000000,\xDC,,
1.077202560000000,U,,
1.077297920000000,\xDC,,
1.077393440000000,\xC5,,
1.077488800000000,\xDC,,
1.077584160000000,\xD5,,
1.077679520000000,\xDC,,
1.077774880000000,U,,
1.077870400000000,\xDC,,
1.077965760000000,\x05,,
1.078061120000000,\xDC,,
1.078156480000000,\x05,,
1.078251840000000,\x94,,
1.078347200000000,\xEC,,
1.079390240000000, ,,
1.079485600000000,@,,
1.079580960000000,\xD5,,
1.079676320000000,\xC5,,
1.079771680000000,\xEB,,
1.079867200000000,\xD5,,
1.079962560000000,E,,
1.080057920000000,U,,
1.080153280000000,\xA8,,
1.080248640000000,\xC5,,
1.080344160000000,\xDC,,
1.080439520000000,\xD5,,
1.080534880000000,\xDC,,
1.080630240000000,U,,
1.080725600000000,\xDC,,
1.080820960000000,\xC5,,
1.080916480000000,\xDC,,
1.081011840000000,\xD5,,
1.081107200000000,\xDC,,
1.081202560000000,U,,
1.081297920000000,\xDC,,
1.081393280000000,\xC5,,
1.081488800000000,\xDC,,
1.081584160000000,\xD5,,
1.081679520000000,\xDC,,
1.081774880000000,U,,
1.081870240000000,\xDC,,
1.081965760000000,\x05,,
1.082061120000000,\xDC,,
1.082156480000000,\x05,,
1.082251840000000,\x94,,
1.082347200000000,\xEC,,
1.083390080000000, ,,
1.083485440000000,@,,
1.083580800000000,\xD5,,
1.083676320000000,\xC5,,
1.083771680000000,\xEB,,
1.083867040000000,\xD5,,
1.083962400000000,E,,
1.084057760000000,U,,
1.084153280000000,\xA8,,
1.084248640000000,\xC5,,
1.084344000000000,\xDC,,
1.084439360000000,\xD5,,
1.084534720000000,\xDC,,
1.084630080000000,U,,
1.084725600000000,\xDC,,
1.084820960000000,\xC5,,
1.084916320000000,\xDC,,
1.085011680000000,\xD5,,
1.085107040000000,\xDC,,
1.085202400000000,U,,
1.085297920000000,\xDC,,
1.085393280000000,\xC5,,
1.085488640000000,\xDC,,
1.085584000000000,\xD5,,
1.085679360000000,\xDC,,
1.085774880000000,U,,
1.085870240000000,\xDC,,
1.085965600000000,\x05,,
1.086060960000000,\xDC,,
1.086156320000000,\x05,,
1.086251680000000,\x94,,
1.086347200000000,\xEC,,
1.087390080000000, ,,
1.087485440000000,@,,
1.087580800000000,\xD5,,
1.087676160000000,\xC5,,
1.087771680000000,\xEB,,
1.087867040000000,\xD5,,
1.087962400000000,E,,
1.088057760000000,U,,
1.088153120000000,\xA8,,
1.088248640000000,\xC5,,
1.088344000000000,\xDC,,
1.088439360000000,\xD5,,
1.088534720000000,\xDC,,
1.088630080000000,U,,
1.088725440000000,\xDC,,
1.088820960000000,\xC5,,
1.088916320000000,\xDC,,
1.089011680000000,\xD5,,
1.089107040000000,\xDC,,
1.089202400000000,U,,
1.089297920000000,\xDC,,
1.089393280000000,\xC5,,
1.089488640000000,\xDC,,
1.089584000000000,\xD5,,
1.089679360000000,\xDC,,
1.089774720000000,U,,
1.089870240000000,\xDC,,
1.089965600000000,\x05,,
1.090060960000000,\xDC,,
1.090156320000000,\x05,,
1.090251680000000,\x94,,
1.090347200000000,\xEC,,
1.091406560000000, ,,
1.091501920000000,@,,
1.091597280000000,\xD5,,
1.091692800000000,\xC5,,
1.091788160000000,\xEB,,
1.091883520000000,\xD5,,
1.091978880000000,E,,
1.092074240000000,U,,
1.092169600000000,\xA8,,
1.092265120000000,\xC5,,
1.092360480000000,\xDC,,
1.092455840000000,\xD5,,
1.092551200000000,\xDC,,
1.092646560000000,U,,
1.092742080000000,\xDC,,
1.092837440000000,\xC5,,
1.092932800000000,\xDC,,
1.093028160000000,\xD5,,
1.093123520000000,\xDC,,
1.093219040000000,U,,
1.093314400000000,\xDC,,
1.093409760000000,\xC5,,
1.093505120000000,\xDC,,
1.093600480000000,\xD5,,
1.093695840000000,\xDC,,
1.093791360000000,U,,
1.093886720000000,\xDC,,
1.093982080000000,\x05,,
1.094077440000000,\xDC,,
1.094172800000000,\x05,,
1.094268320000000,\x94,,
1.094363680000000,\xEC,,
1.095389920000000, ,,
1.095485280000000,@,,
1.095580640000000,\xD5,,
1.095676000000000,\xC5,,
1.095771520000000,\xEB,,
1.095866880000000,\xD5,,
1.095962240000000,E,,
1.096057600000000,U,,
1.096152960000000,\xA8,,
1.096248320000000,\xC5,,
1.096343840000000,\xDC,,
1.096439200000000,\xD5,,
1.096534560000000,\xDC,,
1.096629920000000,U,,
1.096725280000000,\xDC,,
1.096820640000000,\xC5,,
1.096916160000000,\xDC,,
1.097011520000000,\xD5,,
1.097106880000000,\xDC,,
1.097202240000000,U,,
1.097297600000000,\xDC,,
1.097393120000000,\xC5,,
1.097488480000000,\xDC,,
1.097583840000000,\xD5,,
1.097679200000000,\xDC,,
1.097774560000000,U,,
1.097869920000000,\xDC,,
1.097965440000000,\x05,,
1.098060800000000,\xDC,,
1.098156160000000,\x05,,
1.098251520000000,\x94,,
1.098346880000000,\xEC,,
1.099389760000000, ,,
1.099485120000000,@,,
1.099580640000000,\xD5,,
1.099676000000000,\xC5,,
1.099771360000000,\xEB,,
1.099866720000000,\xD5,,
1.099962080000000,E,,
1.100057600000000,U,,
1.100152960000000,\xA8,,
1.100248320000000,\xC5,,
1.100343680000000,\xDC,,
1.100439040000000,\xD5,,
1.100534400000000,\xDC,,
1.100629920000000,U,,
1.100725280000000,\xDC,,
1.100820640000000,\xC5,,
1.100916000000000,\xDC,,
1.101011360000000,\xD5,,
1.101106880000000,\xDC,,
1.101202240000000,U,,
1.101297600000000,\xDC,,
1.101392960000000,\xC5,,
1.101488320000000,\xDC,,
1.101583680000000,\xD5,,
1.101679200000000,\xDC,,
1.101774560000000,U,,
1.101869920000000,\xDC,,
1.101965280000000,\x05,,
1.102060640000000,\xDC,,
1.102156000000000,\x05,,
1.102251520000000,\x94,,
1.102346880000000,\xEC,,
1.103389760000000, ,,
1.103485120000000,@,,
1.103580640000000,\xD5,,
1.103676000000000,\xC5,,
1.103771360000000,\xEB,,
1.103866720000000,\xD5,,
1.103962080000000,E,,
1.104057600000000,U,,
1.104152960000000,\xA8,,
1.104248320000000,\xC5,,
1.104343680000000,\xDC,,
1.104439040000000,\xD5,,
1.104534400000000,\xDC,,
1.104629920000000,U,,
1.104725280000000,\xDC,,
1.104820640000000,\xC5,,
1.104916000000000,\xDC,,
1.105011360000000,\xD5,,
1.105106880000000,\xDC,,
1.105202240000000,U,,
1.105297600000000,\xDC,,
1.105392960000000,\xC5,,
1.105488320000000,\xDC,,
1.105583680000000,\xD5,,
1.105679200000000,\xDC,,
1.105774560000000,U,,
1.105869920000000,\xDC,,
1.105965280000000,\x05,,
1.106060640000000,\xDC,,
1.106156160000000,\x05,,
1.106251520000000,\x94,,
1.106346880000000,\xEC,,
1.107389760000000, ,,
1.107485120000000,@,,
1.107580480000000,\xD5,,
1.107675840000000,\xC5,,
1.107771200000000,\xEB,,
1.107866720000000,\xD5,,
1.107962080000000,E,,
1.108057440000000,U,,
1.108152800000000,\xA8,,
1.108248160000000,\xC5,,
1.108343680000000,\xDC,,
1.108439040000000,\xD5,,
1.108534400000000,\xDC,,
1.108629760000000,U,,
1.108725120000000,\xDC,,
1.108820640000000,\xC5,,
1.108916000000000,\xDC,,
1.109011360000000,\xD5,,
1.109106720000000,\xDC,,
1.109202080000000,U,,
1.109297440000000,\xDC,,
1.109392960000000,\xC5,,
1.109488320000000,\xDC,,
1.109583680000000,\xD5,,
1.109679040000000,\xDC,,
1.109774400000000,U,,
1.109869920000000,\xDC,,
1.109965280000000,\x05,,
1.110060640000000,\xDC,,
1.110156000000000,\x05,,
1.110251360000000,\x94,,
1.110346720000000,\xEC,,
1.111389600000000, ,,
1.111484960000000,@,,
1.111580320000000,\xD5,,
1.111675840000000,\xC5,,
1.111771200000000,\xEB,,
1.111866560000000,\xD5,,
1.111961920000000,E,,
1.112057280000000,U,,
1.112152640000000,\xA8,,
1.112248160000000,\xC5,,
1.112343520000000,\xDC,,
1.112438880000000,\xD5,,
1.112534240000000,\xDC,,
1.112629600000000,U,,
1.112725120000000,\xDC,,
1.112820480000000,\xC5,,
1.112915840000000,\xDC,,
1.113011200000000,\xD5,,
1.113106560000000,\xDC,,
1.113201920000000,U,,
1.113297440000000,\xDC,,
1.113392800000000,\xC5,,
1.113488160000000,\xDC,,
1.113583520000000,\xD5,,
1.113678880000000,\xDC,,
1.113774400000000,U,,
1.113869760000000,\xDC,,
1.113965120000000,\x05,,
1.114060480000000,\xDC,,
1.114155840000000,\x05,,
1.114251200000000,\x94,,
1.114346720000000,\xEC,,
1.115389440000000, ,,
1.115484960000000,@,,
1.115580320000000,\xD5,,
1.115675680000000,\xC5,,
1.115771040000000,\xEB,,
1.115866400000000,\xD5,,
1.115961920000000,E,,
1.116057280000000,U,,
1.116152640000000,\xA8,,
1.116248000000000,\xC5,,
1.116343360000000,\xDC,,
1.116438720000000,\xD5,,
1.116534240000000,\xDC,,
1.116629600000000,U,,
1.116724960000000,\xDC,,
1.116820320000000,\xC5,,
1.116915680000000,\xDC,,
1.117011200000000,\xD5,,
1.117106560000000,\xDC,,
1.117201920000000,U,,
1.117297280000000,\xDC,,
1.117392640000000,\xC5,,
1.117488160000000,\xDC,,
1.117583520000000,\xD5,,
1.117678880000000,\xDC,,
1.117774240000000,U,,
1.117869600000000,\xDC,,
1.117964960000000,\x05,,
1.118060480000000,\xDC,,
1.118155840000000,\x05,,
1.118251200000000,\x94,,
1.118346560000000,\xEC,,
1.119389920000000, ,,
1.119485280000000,@,,
1.119580640000000,\xD5,,
1.119676000000000,\xC5,,
1.119771520000000,\xEB,,
1.119866880000000,\xD5,,
1.119962240000000,E,,
1.120057600000000,U,,
1.120152960000000,\xA8,,
1.120248480000000,\xC5,,
1.120343840000000,\xDC,,
1.120439200000000,\xD5,,
1.120534560000000,\xDC,,
1.120629920000000,U,,
1.120725280000000,\xDC,,
1.120820800000000,\xC5,,
1.120916160000000,\xDC,,
1.121011520000000,\xD5,,
1.121106880000000,\xDC,,
1.121202240000000,U,,
1.121297600000000,\xDC,,
1.121393120000000,\xC5,,
1.121488480000000,\xDC,,
1.121583840000000,\xD5,,
1.121679200000000,\xDC,,
1.121774560000000,U,,
1.121870080000000,\xDC,,
1.121965440000000,\x05,,
1.122060800000000,\xDC,,
1.122156160000000,\x05,,
1.122251520000000,\x94,,
1.122346880000000,\xEC,,
1.123389440000000, ,,
1.123484800000000,@,,
1.123580160000000,\xD5,,
1.123675520000000,\xC5,,
1.123771040000000,\xEB,,
1.123866400000000,\xD5,,
1.123961760000000,E,,
1.124057120000000,U,,
1.124152480000000,\xA8,,
1.124247840000000,\xC5,,
1.124343360000000,\xDC,,
1.124438720000000,\xD5,,
1.124534080000000,\xDC,,
1.124629440000000,U,,
1.124724800000000,\xDC,,
1.124820320000000,\xC5,,
1.124915680000000,\xDC,,
1.125011040000000,\xD5,,
1.125106400000000,\xDC,,
1.125201760000000,U,,
1.125297120000000,\xDC,,
1.125392640000000,\xC5,,
1.125488000000000,\xDC,,
1.125583360000000,\xD5,,
1.125678720000000,\xDC,,
1.125774080000000,U,,
1.125869600000000,\xDC,,
1.125964960000000,\x05,,
1.126060320000000,\xDC,,
1.126155680000000,\x05,,
1.126251040000000,\x94,,
1.126346400000000,\xEC,,
1.127389280000000, ,,
1.127484640000000,@,,
1.127580160000000,\xD5,,
1.127675520000000,\xC5,,
1.127770880000000,\xEB,,
1.127866240000000,\xD5,,
1.127961600000000,E,,
1.128057120000000,U,,
1.128152480000000,\xA8,,
1.128247840000000,\xC5,,
1.128343200000000,\xDC,,
1.128438560000000,\xD5,,
1.128533920000000,\xDC,,
1.128629440000000,U,,
1.128724800000000,\xDC,,
1.128820160000000,\xC5,,
1.128915520000000,\xDC,,
1.129010880000000,\xD5,,
1.129106240000000,\xDC,,
1.129201760000000,U,,
1.129297120000000,\xDC,,
1.129392480000000,\xC5,,
1.129487840000000,\xDC,,
1.129583200000000,\xD5,,
1.129678720000000,\xDC,,
1.129774080000000,U,,
1.129869440000000,\xDC,,
1.129964800000000,\x05,,
1.130060160000000,\xDC,,
1.130155520000000,\x05,,
1.130251040000000,\x94,,
1.130346400000000,\xEC,,
1.131389280000000, ,,
1.131484640000000,@,,
1.131580000000000,\xD5,,
1.131675360000000,\xC5,,
1.131770880000000,\xEB,,
1.131866240000000,\xD5,,
1.131961600000000,E,,
1.132056960000000,U,,
1.132152320000000,\xA8,,
1.132247680000000,\xC5,,
1.132343200000000,\xDC,,
1.132438560000000,\xD5,,
1.132533920000000,\xDC,,
1.132629280000000,U,,
1.132724640000000,\xDC,,
1.132820160000000,\xC5,,
1.132915520000000,\xDC,,
1.133010880000000,\xD5,,
1.133106240000000,\xDC,,
1.133201600000000,U,,
1.133296960000000,\xDC,,
1.133392480000000,\xC5,,
1.133487840000000,\xDC,,
1.133583200000000,\xD5,,
1.133678560000000,\xDC,,
1.133773920000000,U,,
1.133869440000000,\xDC,,
1.133964800000000,\x05,,
1.134060160000000,\xDC,,
1.134155520000000,\x05,,
1.134250880000000,\x94,,
1.134346240000000,\xEC,,
1.135389120000000, ,,
1.135484640000000,@,,
1.135580000000000,\xD5,,
1.135675360000000,\xC5,,
1.135770720000000,\xEB,,
1.135866080000000,\xD5,,
1.135961600000000,E,,
1.136056960000000,U,,
1.136152320000000,\xA8,,
1.136247680000000,\xC5,,
1.136343040000000,\xDC,,
1.136438400000000,\xD5,,
1.136533920000000,\xDC,,
1.136629280000000,U,,
1.136724640000000,\xDC,,
1.136820000000000,\xC5,,
1.136915360000000,\xDC,,
1.137010880000000,\xD5,,
1.137106240000000,\xDC,,
1.137201600000000,U,,
1.137296960000000,\xDC,,
1.137392320000000,\xC5,,
1.137487680000000,\xDC,,
1.137583200000000,\xD5,,
1.137678560000000,\xDC,,
1.137773920000000,U,,
1.137869280000000,\xDC,,
1.137964640000000,\x05,,
1.138060160000000,\xDC,,
1.138155520000000,\x05,,
1.138250880000000,\x94,,
1.138346240000000,\xEC,,
1.139389120000000, ,,
1.139484480000000,@,,
1.139579840000000,\xD5,,
1.139675200000000,\xC5,,
1.139770720000000,\xEB,,
1.139866080000000,\xD5,,
1.139961440000000,E,,
1.140056800000000,U,,
1.140152160000000,\xA8,,
1.140247520000000,\xC5,,
1.140343040000000,\xDC,,
1.140438400000000,\xD5,,
1.140533760000000,\xDC,,
1.140629120000000,U,,
1.140724480000000,\xDC,,
1.140820000000000,\xC5,,
1.140915360000000,\xDC,,
1.141010720000000,\xD5,,
1.141106080000000,\xDC,,
1.141201440000000,U,,
1.141296800000000,\xDC,,
1.141392320000000,\xC5,,
1.141487680000000,\xDC,,
1.141583040000000,\xD5,,
1.141678400000000,\xDC,,
1.141773760000000,U,,
1.141869280000000,\xDC,,
1.141964640000000,\x05,,
1.142060000000000,\xDC,,
1.142155360000000,\x05,,
1.142250720000000,\x94,,
1.142346240000000,\xEC,,
1.143399520000000, ,,
1.143494880000000,@,,
1.143590240000000,\xD5,,
1.143685600000000,\xC5,,
1.143780960000000,\xEB,,
1.143876480000000,\xD5,,
1.143971840000000,E,,
1.144067200000000,U,,
1.144162560000000,\xA8,,
1.144257920000000,\xC5,,
1.144353280000000,\xDC,,
1.144448800000000,\xD5,,
1.144544160000000,\xDC,,
1.144639520000000,U,,
1.144734880000000,\xDC,,
1.144830240000000,\xC5,,
1.144925760000000,\xDC,,
1.145021120000000,\xD5,,
1.145116480000000,\xDC,,
1.145211840000000,U,,
1.145307200000000,\xDC,,
1.145402560000000,\xC5,,
1.145498080000000,\xDC,,
1.145593440000000,\xD5,,
1.145688800000000,\xDC,,
1.145784160000000,U,,
1.145879520000000,\xDC,,
1.145975040000000,\x05,,
1.146070400000000,\xDC,,
1.146165760000000,\x05,,
1.146261120000000,\x94,,
1.146356480000000,\xEC,,
1.147388960000000, ,,
1.147484480000000,@,,
1.147579840000000,\xD5,,
1.147675200000000,\xC5,,
1.147770560000000,\xEB,,
1.147865920000000,\xD5,,
1.147961440000000,E,,
1.148056800000000,U,,
1.148152160000000,\xA8,,
1.148247520000000,\xC5,,
1.148342880000000,\xDC,,
1.148438240000000,\xD5,,
1.148533760000000,\xDC,,
1.148629120000000,U,,
1.148724480000000,\xDC,,
1.148819840000000,\xC5,,
1.148915200000000,\xDC,,
1.149010720000000,\xD5,,
1.149106080000000,\xDC,,
1.149201440000000,U,,
1.149296800000000,\xDC,,
1.149392160000000,\xC5,,
1.149487520000000,\xDC,,
1.149583040000000,\xD5,,
1.149678400000000,\xDC,,
1.149773760000000,U,,
1.149869120000000,\xDC,,
1.149964480000000,\x05,,
1.150059840000000,\xDC,,
1.150155360000000,\x05,,
1.150250720000000,\x94,,
1.150346080000000,\xEC,,
1.151400640000000, ,,
1.151496000000000,@,,
1.151591360000000,\xD5,,
1.151686880000000,\xC5,,
1.151782240000000,\xEB,,
1.151877600000000,\xD5,,
1.151972960000000,E,,
1.152068320000000,U,,
1.152163680000000,\xA8,,
1.152259200000000,\xC5,,
1.152354560000000,\xDC,,
1.152449920000000,\xD5,,
1.152545280000000,\xDC,,
1.152640640000000,U,,
1.152736160000000,\xDC,,
1.152831520000000,\xC5,,
1.152926880000000,\xDC,,
1.153022240000000,\xD5,,
1.153117600000000,\xDC,,
1.153212960000000,U,,
1.153308480000000,\xDC,,
1.153403840000000,\xC5,,
1.153499200000000,\xDC,,
1.153594560000000,\xD5,,
1.153689920000000,\xDC,,
1.153785440000000,U,,
1.153880800000000,\xDC,,
1.153976160000000,\x05,,
1.154071520000000,\xDC,,
1.154166880000000,\x05,,
1.154262240000000,\x94,,
1.154357760000000,\xEC,,
1.155388800000000, ,,
1.155484160000000,@,,
1.155579680000000,\xD5,,
1.155675040000000,\xC5,,
1.155770400000000,\xEB,,
1.155865760000000,\xD5,,
1.155961120000000,E,,
1.156056480000000,U,,
1.156152000000000,\xA8,,
1.156247360000000,\xC5,,
1.156342720000000,\xDC,,
1.156438080000000,\xD5,,
1.156533440000000,\xDC,,
1.156628960000000,U,,
1.156724320000000,\xDC,,
1.156819680000000,\xC5,,
1.156915040000000,\xDC,,
1.157010400000000,\xD5,,
1.157105760000000,\xDC,,
1.157201280000000,U,,
1.157296640000000,\xDC,,
1.157392000000000,\xC5,,
1.157487360000000,\xDC,,
1.157582720000000,\xD5,,
1.157678240000000,\xDC,,
1.157773600000000,U,,
1.157868960000000,\xDC,,
1.157964320000000,\x05,,
1.158059680000000,\xDC,,
1.158155040000000,\x05,,
1.158250560000000,\x94,,
1.158345920000000,\xEC,,
1.159388800000000, ,,
1.159484160000000,@,,
1.159579520000000,\xD5,,
1.159674880000000,\xC5,,
1.159770240000000,\xEB,,
1.159865760000000,\xD5,,
1.159961120000000,E,,
1.160056480000000,U,,
1.160151840000000,\xA8,,
1.160247200000000,\xC5,,
1.160342560000000,\xDC,,
1.160438080000000,\xD5,,
1.160533440000000,\xDC,,
1.160628800000000,U,,
1.160724160000000,\xDC,,
1.160819520000000,\xC5,,
1.160915040000000,\xDC,,
1.161010400000000,\xD5,,
1.161105760000000,\xDC,,
1.161201120000000,U,,
1.161296480000000,\xDC,,
1.161392000000000,\xC5,,
1.161487360000000,\xDC,,
1.161582720000000,\xD5,,
1.161678080000000,\xDC,,
1.161773440000000,U,,
1.161868800000000,\xDC,,
1.161964320000000,\x05,,
1.162059680000000,\xDC,,
1.162155040000000,\x05,,
1.162250400000000,\x94,,
1.162345760000000,\xEC,,
1.163388800000000, ,,
1.163484160000000,@,,
1.163579520000000,\xD5,,
1.163674880000000,\xC5,,
1.163770240000000,\xEB,,
1.163865600000000,\xD5,,
1.163961120000000,E,,
1.164056480000000,U,,
1.164151840000000,\xA8,,
1.164247200000000,\xC5,,
1.164342560000000,\xDC,,
1.164438080000000,\xD5,,
1.164533440000000,\xDC,,
1.164628800000000,U,,
1.164724160000000,\xDC,,
1.164819520000000,\xC5,,
1.164914880000000,\xDC,,
1.165010400000000,\xD5,,
1.165105760000000,\xDC,,
1.165201120000000,U,,
1.165296480000000,\xDC,,
1.165391840000000,\xC5,,
1.165487200000000,\xDC,,
1.165582720000000,\xD5,,
1.165678080000000,\xDC,,
1.165773440000000,U,,
1.165868800000000,\xDC,,
1.165964160000000,\x05,,
1.166059680000000,\xDC,,
1.166155040000000,\x05,,
1.166250400000000,\x94,,
1.166345760000000,\xEC,,
1.167407680000000, ,,
1.167503040000000,@,,
1.167598400000000,\xD5,,
1.167693760000000,\xC5,,
1.167789120000000,\xEB,,
1.167884640000000,\xD5,,
1.167980000000000,E,,
1.168075360000000,U,,
1.168170720000000,\xA8,,
1.168266080000000,\xC5,,
1.168361600000000,\xDC,,
1.168456960000000,\xD5,,
1.168552320000000,\xDC,,
1.168647680000000,U,,
1.168743040000000,\xDC,,
1.168838400000000,\xC5,,
1.168933920000000,\xDC,,
1.169029280000000,\xD5,,
1.169124640000000,\xDC,,
1.169220000000000,U,,
1.169315360000000,\xDC,,
1.169410720000000,\xC5,,
1.169506240000000,\xDC,,
1.169601600000000,\xD5,,
1.169696960000000,\xDC,,
1.169792320000000,U,,
1.169887680000000,\xDC,,
1.169983200000000,\x05,,
1.170078560000000,\xDC,,
1.170173920000000,\x05,,
1.170269280000000,\x94,,
1.170364640000000,\xEC,,
1.171388640000000, ,,
1.171484000000000,@,,
1.171579360000000,\xD5,,
1.171674720000000,\xC5,,
1.171770080000000,\xEB,,
1.171865600000000,\xD5,,
1.171960960000000,E,,
1.172056320000000,U,,
1.172151680000000,\xA8,,
1.172247040000000,\xC5,,
1.172342400000000,\xDC,,
1.172437920000000,\xD5,,
1.172533280000000,\xDC,,
1.172628640000000,U,,
1.172724000000000,\xDC,,
1.172819360000000,\xC5,,
1.172914880000000,\xDC,,
1.173010240000000,\xD5,,
1.173105600000000,\xDC,,
1.173200960000000,U,,
1.173296320000000,\xDC,,
1.173391680000000,\xC5,,
1.173487200000000,\xDC,,
1.173582560000000,\xD5,,
1.173677920000000,\xDC,,
1.173773280000000,U,,
1.173868640000000,\xDC,,
1.173964000000000,\x05,,
1.174059520000000,\xDC,,
1.174154880000000,\x05,,
1.174250240000000,\x94,,
1.174345600000000,\xEC,,
1.175388480000000, ,,
1.175483840000000,@,,
1.175579200000000,\xD5,,
1.175674720000000,\xC5,,
1.175770080000000,\xEB,,
1.175865440000000,\xD5,,
1.175960800000000,E,,
1.176056160000000,U,,
1.176151520000000,\xA8,,
1.176247040000000,\xC5,,
1.176342400000000,\xDC,,
1.176437760000000,\xD5,,
1.176533120000000,\xDC,,
1.176628480000000,U,,
1.176724000000000,\xDC,,
1.176819360000000,\xC5,,
1.176914720000000,\xDC,,
1.177010080000000,\xD5,,
1.177105440000000,\xDC,,
1.177200800000000,U,,
1.177296320000000,\xDC,,
1.177391680000000,\xC5,,
1.177487040000000,\xDC,,
1.177582400000000,\xD5,,
1.177677760000000,\xDC,,
1.177773120000000,U,,
1.177868640000000,\xDC,,
1.177964000000000,\x05,,
1.178059360000000,\xDC,,
1.178154720000000,\x05,,
1.178250080000000,\x94,,
1.178345600000000,\xEC,,
1.179388480000000, ,,
1.179483840000000,@,,
1.179579200000000,\xD5,,
1.179674560000000,\xC5,,
1.179769920000000,\xEB,,
1.179865280000000,\xD5,,
1.179960800000000,E,,
1.180056160000000,U,,
1.180151520000000,\xA8,,
1.180246880000000,\xC5,,
1.180342240000000,\xDC,,
1.180437760000000,\xD5,,
1.180533120000000,\xDC,,
1.180628480000000,U,,
1.180723840000000,\xDC,,
1.180819200000000,\xC5,,
1.180914560000000,\xDC,,
1.181010080000000,\xD5,,
1.181105440000000,\xDC,,
1.181200800000000,U,,
1.181296160000000,\xDC,,
1.181391520000000,\xC5,,
1.181487040000000,\xDC,,
1.181582400000000,\xD5,,
1.181677760000000,\xDC,,
1.181773120000000,U,,
1.181868480000000,\xDC,,
1.181963840000000,\x05,,
1.182059360000000,\xDC,,
1.182154720000000,\x05,,
1.182250080000000,\x94,,
1.182345440000000,\xEC,,
1.183389760000000, ,,
1.183485120000000,@,,
1.183580480000000,\xD5,,
1.183676000000000,\xC5,,
1.183771360000000,\xEB,,
1.183866720000000,\xD5,,
1.183962080000000,E,,
1.184057440000000,U,,
1.184152960000000,\xA8,,
1.184248320000000,\xC5,,
1.184343680000000,\xDC,,
1.184439040000000,\xD5,,
1.184534400000000,\xDC,,
1.184629760000000,U,,
1.184725280000000,\xDC,,
1.184820640000000,\xC5,,
1.184916000000000,\xDC,,
1.185011360000000,\xD5,,
1.185106720000000,\xDC,,
1.185202240000000,U,,
1.185297600000000,\xDC,,
1.185392960000000,\xC5,,
1.185488320000000,\xDC,,
1.185583680000000,\xD5,,
1.185679040000000,\xDC,,
1.185774560000000,U,,
1.185869920000000,\xDC,,
1.185965280000000,\x05,,
1.186060640000000,\xDC,,
1.186156000000000,\x05,,
1.186251520000000,\x94,,
1.186346880000000,\xEC,,
1.187388320000000, ,,
1.187483680000000,@,,
1.187579040000000,\xD5,,
1.187674400000000,\xC5,,
1.187769760000000,\xEB,,
1.187865120000000,\xD5,,
1.187960640000000,E,,
1.188056000000000,U,,
1.188151360000000,\xA8,,
1.188246720000000,\xC5,,
1.188342080000000,\xDC,,
1.188437600000000,\xD5,,
1.188532960000000,\xDC,,
1.188628320000000,U,,
1.188723680000000,\xDC,,
1.188819040000000,\xC5,,
1.188914400000000,\xDC,,
1.189009920000000,\xD5,,
1.189105280000000,\xDC,,
1.189200640000000,U,,
1.189296000000000,\xDC,,
1.189391360000000,\xC5,,
1.189486880000000,\xDC,,
1.189582240000000,\xD5,,
1.189677600000000,\xDC,,
1.189772960000000,U,,
1.189868320000000,\xDC,,
1.189963680000000,\x05,,
1.190059200000000,\xDC,,
1.190154560000000,\x05,,
1.190249920000000,\x94,,
1.190345280000000,\xEC,,
1.191388320000000, ,,
1.191483680000000,@,,
1.191579040000000,\xD5,,
1.191674400000000,\xC5,,
1.191769760000000,\xEB,,
1.191865280000000,\xD5,,
1.191960640000000,E,,
1.192056000000000,U,,
1.192151360000000,\xA8,,
1.192246720000000,\xC5,,
1.192342080000000,\xDC,,
1.192437600000000,\xD5,,
1.192532960000000,\xDC,,
1.192628320000000,U,,
1.192723680000000,\xDC,,
1.192819040000000,\xC5,,
1.192914560000000,\xDC,,
1.193009920000000,\xD5,,
1.193105280000000,\xDC,,
1.193200640000000,U,,
1.193296000000000,\xDC,,
1.193391360000000,\xC5,,
1.193486880000000,\xDC,,
1.193582240000000,\xD5,,
1.193677600000000,\xDC,,
1.193772960000000,U,,
1.193868320000000,\xDC,,
1.193963680000000,\x05,,
1.194059200000000,\xDC,,
1.194154560000000,\x05,,
1.194249920000000,\x94,,
1.194345280000000,\xEC,,
1.195388160000000, ,,
1.195483520000000,@,,
1.195578880000000,\xD5,,
1.195674400000000,\xC5,,
1.195769760000000,\xEB,,
1.195865120000000,\xD5,,
1.195960480000000,E,,
1.196055840000000,U,,
1.196151360000000,\xA8,,
1.196246720000000,\xC5,,
1.196342080000000,\xDC,,
1.196437440000000,\xD5,,
1.196532800000000,\xDC,,
1.196628320000000,U,,
1.196723680000000,\xDC,,
1.196819040000000,\xC5,,
1.196914400000000,\xDC,,
1.197009760000000,\xD5,,
1.197105120000000,\xDC,,
1.197200640000000,U,,
1.197296000000000,\xDC,,
1.197391360000000,\xC5,,
1.197486720000000,\xDC,,
1.197582080000000,\xD5,,
1.197677600000000,\xDC,,
1.197772960000000,U,,
1.197868320000000,\xDC,,
1.197963680000000,\x05,,
1.198059040000000,\xDC,,
1.198154400000000,\x05,,
1.198249920000000,\x94,,
1.198345280000000,\xEC,,
1.199388160000000, ,,
1.199483520000000,@,,
1.199578880000000,\xD5,,
1.199674240000000,\xC5,,
1.199769600000000,\xEB,,
1.199864960000000,\xD5,,
1.199960480000000,E,,
1.200055840000000,U,,
1.200151200000000,\xA8,,
1.200246560000000,\xC5,,
1.200341920000000,\xDC,,
1.200437440000000,\xD5,,
1.200532800000000,\xDC,,
1.200628160000000,U,,
1.200723520000000,\xDC,,
1.200818880000000,\xC5,,
1.200914400000000,\xDC,,
1.201009760000000,\xD5,,
1.201105120000000,\xDC,,
1.201200480000000,U,,
1.201295840000000,\xDC,,
1.201391200000000,\xC5,,
1.201486720000000,\xDC,,
1.201582080000000,\xD5,,
1.201677440000000,\xDC,,
1.201772800000000,U,,
1.201868160000000,\xDC,,
1.201963680000000,\x05,,
1.202059040000000,\xDC,,
1.202154400000000,\x05,,
1.202249760000000,\x94,,
1.202345120000000,\xEC,,
1.203392960000000, ,,
1.203488320000000,@,,
1.203583680000000,\xD5,,
1.203679200000000,\xC5,,
1.203774560000000,\xEB,,
1.203869920000000,\xD5,,
1.203965280000000,E,,
1.204060640000000,U,,
1.204156160000000,\xA8,,
1.204251520000000,\xC5,,
1.204346880000000,\xDC,,
1.204442240000000,\xD5,,
1.204537600000000,\xDC,,
1.204632960000000,U,,
1.204728480000000,\xDC,,
1.204823840000000,\xC5,,
1.204919200000000,\xDC,,
1.205014560000000,\xD5,,
1.205109920000000,\xDC,,
1.205205280000000,U,,
1.205300800000000,\xDC,,
1.205396160000000,\xC5,,
1.205491520000000,\xDC,,
1.205586880000000,\xD5,,
1.205682240000000,\xDC,,
1.205777760000000,U,,
1.205873120000000,\xDC,,
1.205968480000000,\x05,,
1.206063840000000,\xDC,,
1.206159200000000,\x05,,
1.206254560000000,\x94,,
1.206350080000000,\xEC,,
1.207387840000000, ,,
1.207483360000000,@,,
1.207578720000000,\xD5,,
1.207674080000000,\xC5,,
1.207769440000000,\xEB,,
1.207864800000000,\xD5,,
1.207960160000000,E,,
1.208055680000000,U,,
1.208151040000000,\xA8,,
1.208246400000000,\xC5,,
1.208341760000000,\xDC,,
1.208437120000000,\xD5,,
1.208532640000000,\xDC,,
1.208628000000000,U,,
1.208723360000000,\xDC,,
1.208818720000000,\xC5,,
1.208914080000000,\xDC,,
1.209009440000000,\xD5,,
1.209104960000000,\xDC,,
1.209200320000000,U,,
1.209295680000000,\xDC,,
1.209391040000000,\xC5,,
1.209486400000000,\xDC,,
1.209581920000000,\xD5,,
1.209677280000000,\xDC,,
1.209772640000000,U,,
1.209868000000000,\xDC,,
1.209963360000000,\x05,,
1.210058880000000,\xDC,,
1.210154240000000,\x05,,
1.210249600000000,\x94,,
1.210344960000000,\xEC,,
1.211387840000000, ,,
1.211483200000000,@,,
1.211578560000000,\xD5,,
1.211674080000000,\xC5,,
1.211769440000000,\xEB,,
1.211864800000000,\xD5,,
1.211960160000000,E,,
1.212055520000000,U,,
1.212151040000000,\xA8,,
1.212246400000000,\xC5,,
1.212341760000000,\xDC,,
1.212437120000000,\xD5,,
1.212532480000000,\xDC,,
1.212627840000000,U,,
1.212723360000000,\xDC,,
1.212818720000000,\xC5,,
1.212914080000000,\xDC,,
1.213009440000000,\xD5,,
1.213104800000000,\xDC,,
1.213200160000000,U,,
1.213295680000000,\xDC,,
1.213391040000000,\xC5,,
1.213486400000000,\xDC,,
1.213581760000000,\xD5,,
1.213677120000000,\xDC,,
1.213772640000000,U,,
1.213868000000000,\xDC,,
1.213963360000000,\x05,,
1.214058720000000,\xDC,,
1.214154080000000,\x05,,
1.214249440000000,\x94,,
1.214344960000000,\xEC,,
1.215400960000000, ,,
1.215496320000000,@,,
1.215591680000000,\xD5,,
1.215687200000000,\xC5,,
1.215782560000000,\xEB,,
1.215877920000000,\xD5,,
1.215973280000000,E,,
1.216068640000000,U,,
1.216164160000000,\xA8,,
1.216259520000000,\xC5,,
1.216354880000000,\xDC,,
1.216450240000000,\xD5,,
1.216545600000000,\xDC,,
1.216640960000000,U,,
1.216736480000000,\xDC,,
1.216831840000000,\xC5,,
1.216927200000000,\xDC,,
1.217022560000000,\xD5,,
1.217117920000000,\xDC,,
1.217213440000000,U,,
1.217308800000000,\xDC,,
1.217404160000000,\xC5,,
1.217499520000000,\xDC,,
1.217594880000000,\xD5,,
1.217690240000000,\xDC,,
1.217785760000000,U,,
1.217881120000000,\xDC,,
1.217976480000000,\x05,,
1.218071840000000,\xDC,,
1.218167200000000,\x05,,
1.218262720000000,\x94,,
1.218358080000000,\xEC,,
1.219397760000000, ,,
1.219493120000000,@,,
1.219588480000000,\xD5,,
1.219683840000000,\xC5,,
1.219779360000000,\xEB,,
1.219874720000000,\xD5,,
1.219970080000000,E,,
1.220065440000000,U,,
1.220160800000000,\xA8,,
1.220256320000000,\xC5,,
1.220351680000000,\xDC,,
1.220447040000000,\xD5,,
1.220542400000000,\xDC,,
1.220637760000000,U,,
1.220733120000000,\xDC,,
1.220828640000000,\xC5,,
1.220924000000000,\xDC,,
1.221019360000000,\xD5,,
1.221114720000000,\xDC,,
1.221210080000000,U,,
1.221305440000000,\xDC,,
1.221400960000000,\xC5,,
1.221496320000000,\xDC,,
1.221591680000000,\xD5,,
1.221687040000000,\xDC,,
1.221782400000000,U,,
1.221877920000000,\xDC,,
1.221973280000000,\x05,,
1.222068640000000,\xDC,,
1.222164000000000,\x05,,
1.222259360000000,\x94,,
1.222354720000000,\xEC,,
1.223387680000000, ,,
1.223483040000000,@,,
1.223578400000000,\xD5,,
1.223673760000000,\xC5,,
1.223769120000000,\xEB,,
1.223864640000000,\xD5,,
1.223960000000000,E,,
1.224055360000000,U,,
1.224150720000000,\xA8,,
1.224246080000000,\xC5,,
1.224341600000000,\xDC,,
1.224436960000000,\xD5,,
1.224532320000000,\xDC,,
1.224627680000000,U,,
1.224723040000000,\xDC,,
1.224818400000000,\xC5,,
1.224913920000000,\xDC,,
1.225009280000000,\xD5,,
1.225104640000000,\xDC,,
1.225200000000000,U,,
1.225295360000000,\xDC,,
1.225390880000000,\xC5,,
1.225486240000000,\xDC,,
1.225581600000000,\xD5,,
1.225676960000000,\xDC,,
1.225772320000000,U,,
1.225867680000000,\xDC,,
1.225963200000000,\x05,,
1.226058560000000,\xDC,,
1.226153920000000,\x05,,
1.226249280000000,\x94,,
1.226344640000000,\xEC,,
1.227387520000000, ,,
1.227483040000000,@,,
1.227578400000000,\xD5,,
1.227673760000000,\xC5,,
1.227769120000000,\xEB,,
1.227864480000000,\xD5,,
1.227959840000000,E,,
1.228055360000000,U,,
1.228150720000000,\xA8,,
1.228246080000000,\xC5,,
1.228341440000000,\xDC,,
1.228436800000000,\xD5,,
1.228532320000000,\xDC,,
1.228627680000000,U,,
1.228723040000000,\xDC,,
1.228818400000000,\xC5,,
1.228913760000000,\xDC,,
1.229009120000000,\xD5,,
1.229104640000000,\xDC,,
1.229200000000000,U,,
1.229295360000000,\xDC,,
1.229390720000000,\xC5,,
1.229486080000000,\xDC,,
1.229581600000000,\xD5,,
1.229676960000000,\xDC,,
1.229772320000000,U,,
1.229867680000000,\xDC,,
1.229963040000000,\x05,,
1.230058560000000,\xDC,,
1.230153920000000,\x05,,
1.230249280000000,\x94,,
1.230344640000000,\xEC,,
1.231387520000000, ,,
1.231482880000000,@,,
1.231578240000000,\xD5,,
1.231673600000000,\xC5,,
1.231769120000000,\xEB,,
1.231864480000000,\xD5,,
1.231959840000000,E,,
1.232055200000000,U,,
1.232150560000000,\xA8,,
1.232245920000000,\xC5,,
1.232341440000000,\xDC,,
1.232436800000000,\xD5,,
1.232532160000000,\xDC,,
1.232627520000000,U,,
1.232722880000000,\xDC,,
1.232818400000000,\xC5,,
1.232913760000000,\xDC,,
1.233009120000000,\xD5,,
1.233104480000000,\xDC,,
1.233199840000000,U,,
1.233295200000000,\xDC,,
1.233390720000000,\xC5,,
1.233486080000000,\xDC,,
1.233581440000000,\xD5,,
1.233676800000000,\xDC,,
1.233772160000000,U,,
1.233867680000000,\xDC,,
1.233963040000000,\x05,,
1.234058400000000,\xDC,,
1.234153760000000,\x05,,
1.234249120000000,\x94,,
1.234344480000000,\xEC,,
1.235387520000000, ,,
1.235482880000000,@,,
1.235578240000000,\xD5,,
1.235673600000000,\xC5,,
1.235768960000000,\xEB,,
1.235864320000000,\xD5,,
1.235959840000000,E,,
1.236055200000000,U,,
1.236150560000000,\xA8,,
1.236245920000000,\xC5,,
1.236341280000000,\xDC,,
1.236436800000000,\xD5,,
1.236532160000000,\xDC,,
1.236627520000000,U,,
1.236722880000000,\xDC,,
1.236818240000000,\xC5,,
1.236913600000000,\xDC,,
1.237009120000000,\xD5,,
1.237104480000000,\xDC,,
1.237199840000000,U,,
1.237295200000000,\xDC,,
1.237390560000000,\xC5,,
1.237486080000000,\xDC,,
1.237581440000000,\xD5,,
1.237676800000000,\xDC,,
1.237772160000000,U,,
1.237867520000000,\xDC,,
1.237962880000000,\x05,,
1.238058400000000,\xDC,,
1.238153760000000,\x05,,
1.238249120000000,\x94,,
1.238344480000000,\xEC,,
1.239387360000000, ,,
1.239482720000000,@,,
1.239578080000000,\xD5,,
1.239673600000000,\xC5,,
1.239768960000000,\xEB,,
1.239864320000000,\xD5,,
1.239959680000000,E,,
1.240055040000000,U,,
1.240150400000000,\xA8,,
1.240245920000000,\xC5,,
1.240341280000000,\xDC,,
1.240436640000000,\xD5,,
1.240532000000000,\xDC,,
1.240627360000000,U,,
1.240722880000000,\xDC,,
1.240818240000000,\xC5,,
1.240913600000000,\xDC,,
1.241008960000000,\xD5,,
1.241104320000000,\xDC,,
1.241199680000000,U,,
1.241295200000000,\xDC,,
1.241390560000000,\xC5,,
1.241485920000000,\xDC,,
1.241581280000000,\xD5,,
1.241676640000000,\xDC,,
1.241772160000000,U,,
1.241867520000000,\xDC,,
1.241962880000000,\x05,,
1.242058240000000,\xDC,,
1.242153600000000,\x05,,
1.242248960000000,\x94,,
1.242344480000000,\xEC,,
1.243387360000000, ,,
1.243482720000000,@,,
1.243578080000000,\xD5,,
1.243673440000000,\xC5,,
1.243768800000000,\xEB,,
1.243864320000000,\xD5,,
1.243959680000000,E,,
1.244055040000000,U,,
1.244150400000000,\xA8,,
1.244245760000000,\xC5,,
1.244341120000000,\xDC,,
1.244436640000000,\xD5,,
1.244532000000000,\xDC,,
1.244627360000000,U,,
1.244722720000000,\xDC,,
1.244818080000000,\xC5,,
1.244913600000000,\xDC,,
1.245008960000000,\xD5,,
1.245104320000000,\xDC,,
1.245199680000000,U,,
1.245295040000000,\xDC,,
1.245390400000000,\xC5,,
1.245485920000000,\xDC,,
1.245581280000000,\xD5,,
1.245676640000000,\xDC,,
1.245772000000000,U,,
1.245867360000000,\xDC,,
1.245962880000000,\x05,,
1.246058240000000,\xDC,,
1.246153600000000,\x05,,
1.246248960000000,\x94,,
1.246344320000000,\xEC,,
1.247387200000000, ,,
1.247482720000000,@,,
1.247578080000000,\xD5,,
1.247673440000000,\xC5,,
1.247768800000000,\xEB,,
1.247864160000000,\xD5,,
1.247959520000000,E,,
1.248055040000000,U,,
1.248150400000000,\xA8,,
1.248245760000000,\xC5,,
1.248341120000000,\xDC,,
1.248436480000000,\xD5,,
1.248532000000000,\xDC,,
1.248627360000000,U,,
1.248722720000000,\xDC,,
1.248818080000000,\xC5,,
1.248913440000000,\xDC,,
1.249008800000000,\xD5,,
1.249104320000000,\xDC,,
1.249199680000000,U,,
1.249295040000000,\xDC,,
1.249390400000000,\xC5,,
1.249485760000000,\xDC,,
1.249581280000000,\xD5,,
1.249676640000000,\xDC,,
1.249772000000000,U,,
1.249867360000000,\xDC,,
1.249962720000000,\x05,,
1.250058080000000,\xDC,,
1.250153600000000,\x05,,
1.250248960000000,\x94,,
1.250344320000000,\xEC,,
1.251392160000000, ,,
1.251487520000000,@,,
1.251582880000000,\xD5,,
1.251678400000000,\xC5,,
1.251773760000000,\xEB,,
1.251869120000000,\xD5,,
1.251964480000000,E,,
1.252059840000000,U,,
1.252155360000000,\xA8,,
1.252250720000000,\xC5,,
1.252346080000000,\xDC,,
1.252441440000000,\xD5,,
1.252536800000000,\xDC,,
1.252632160000000,U,,
1.252727680000000,\xDC,,
1.252823040000000,\xC5,,
1.252918400000000,\xDC,,
1.253013760000000,\xD5,,
1.253109120000000,\xDC,,
1.253204640000000,U,,
1.253300000000000,\xDC,,
1.253395360000000,\xC5,,
1.253490720000000,\xDC,,
1.253586080000000,\xD5,,
1.253681600000000,\xDC,,
1.253776960000000,U,,
1.253872320000000,\xDC,,
1.253967680000000,\x05,,
1.254063040000000,\xDC,,
1.254158400000000,\x05,,
1.254253920000000,\x94,,
1.254349280000000,\xEC,,
1.255387040000000, ,,
1.255482560000000,@,,
1.255577920000000,\xD5,,
1.255673280000000,\xC5,,
1.255768640000000,\xEB,,
1.255864000000000,\xD5,,
1.255959360000000,E,,
1.256054880000000,U,,
1.256150240000000,\xA8,,
1.256245600000000,\xC5,,
1.256340960000000,\xDC,,
1.256436320000000,\xD5,,
1.256531840000000,\xDC,,
1.256627200000000,U,,
1.256722560000000,\xDC,,
1.256817920000000,\xC5,,
1.256913280000000,\xDC,,
1.257008640000000,\xD5,,
1.257104160000000,\xDC,,
1.257199520000000,U,,
1.257294880000000,\xDC,,
1.257390240000000,\xC5,,
1.257485600000000,\xDC,,
1.257580960000000,\xD5,,
1.257676480000000,\xDC,,
1.257771840000000,U,,
1.257867200000000,\xDC,,
1.257962560000000,\x05,,
1.258057920000000,\xDC,,
1.258153440000000,\x05,,
1.258248800000000,\x94,,
1.258344160000000,\xEC,,
1.259387040000000, ,,
1.259482400000000,@,,
1.259577760000000,\xD5,,
1.259673280000000,\xC5,,
1.259768640000000,\xEB,,
1.259864000000000,\xD5,,
1.259959360000000,E,,
1.260054720000000,U,,
1.260150080000000,\xA8,,
1.260245600000000,\xC5,,
1.260340960000000,\xDC,,
1.260436320000000,\xD5,,
1.260531680000000,\xDC,,
1.260627040000000,U,,
1.260722400000000,\xDC,,
1.260817920000000,\xC5,,
1.260913280000000,\xDC,,
1.261008640000000,\xD5,,
1.261104000000000,\xDC,,
1.261199360000000,U,,
1.261294880000000,\xDC,,
1.261390240000000,\xC5,,
1.261485600000000,\xDC,,
1.261580960000000,\xD5,,
1.261676320000000,\xDC,,
1.261771680000000,U,,
1.261867200000000,\xDC,,
1.261962560000000,\x05,,
1.262057920000000,\xDC,,
1.262153280000000,\x05,,
1.262248640000000,\x94,,
1.262344160000000,\xEC,,
1.263386880000000, ,,
1.263482400000000,@,,
1.263577760000000,\xD5,,
1.263673120000000,\xC5,,
1.263768480000000,\xEB,,
1.263863840000000,\xD5,,
1.263959200000000,E,,
1.264054720000000,U,,
1.264150080000000,\xA8,,
1.264245440000000,\xC5,,
1.264340800000000,\xDC,,
1.264436160000000,\xD5,,
1.264531520000000,\xDC,,
1.264627040000000,U,,
1.264722400000000,\xDC,,
1.264817760000000,\xC5,,
1.264913120000000,\xDC,,
1.265008480000000,\xD5,,
1.265104000000000,\xDC,,
1.265199360000000,U,,
1.265294720000000,\xDC,,
1.265390080000000,\xC5,,
1.265485440000000,\xDC,,
1.265580800000000,\xD5,,
1.265676320000000,\xDC,,
1.265771680000000,U,,
1.265867040000000,\xDC,,
1.265962400000000,\x05,,
1.266057760000000,\xDC,,
1.266153280000000,\x05,,
1.266248640000000,\x94,,
1.266344000000000,\xEC,,
1.267388320000000, ,,
1.267483680000000,@,,
1.267579200000000,\xD5,,
1.267674560000000,\xC5,,
1.267769920000000,\xEB,,
1.267865280000000,\xD5,,
1.267960640000000,E,,
1.268056160000000,U,,
1.268151520000000,\xA8,,
1.268246880000000,\xC5,,
1.268342240000000,\xDC,,
1.268437600000000,\xD5,,
1.268533120000000,\xDC,,
1.268628480000000,U,,
1.268723840000000,\xDC,,
1.268819200000000,\xC5,,
1.268914560000000,\xDC,,
1.269009920000000,\xD5,,
1.269105440000000,\xDC,,
1.269200800000000,U,,
1.269296160000000,\xDC,,
1.269391520000000,\xC5,,
1.269486880000000,\xDC,,
1.269582400000000,\xD5,,
1.269677760000000,\xDC,,
1.269773120000000,U,,
1.269868480000000,\xDC,,
1.269963840000000,\x05,,
1.270059200000000,\xDC,,
1.270154720000000,\x05,,
1.270250080000000,\x94,,
1.270345440000000,\xEC,,
1.271386720000000, ,,
1.271482240000000,@,,
1.271577600000000,\xD5,,
1.271672960000000,\xC5,,
1.271768320000000,\xEB,,
1.271863680000000,\xD5,,
1.271959200000000,E,,
1.272054560000000,U,,
1.272149920000000,\xA8,,
1.272245280000000,\xC5,,
1.272340640000000,\xDC,,
1.272436000000000,\xD5,,
1.272531520000000,\xDC,,
1.272626880000000,U,,
1.272722240000000,\xDC,,
1.272817600000000,\xC5,,
1.272912960000000,\xDC,,
1.273008480000000,\xD5,,
1.273103840000000,\xDC,,
1.273199200000000,U,,
1.273294560000000,\xDC,,
1.273389920000000,\xC5,,
1.273485280000000,\xDC,,
1.273580800000000,\xD5,,
1.273676160000000,\xDC,,
1.273771520000000,U,,
1.273866880000000,\xDC,,
1.273962240000000,\x05,,
1.274057760000000,\xDC,,
1.274153120000000,\x05,,
1.274248480000000,\x94,,
1.274343840000000,\xEC,,
1.275386720000000, ,,
1.275482080000000,@,,
1.275577440000000,\xD5,,
1.275672800000000,\xC5,,
1.275768320000000,\xEB,,
1.275863680000000,\xD5,,
1.275959040000000,E,,
1.276054400000000,U,,
1.276149760000000,\xA8,,
1.276245280000000,\xC5,,
1.276340640000000,\xDC,,
1.276436000000000,\xD5,,
1.276531360000000,\xDC,,
1.276626720000000,U,,
1.276722080000000,\xDC,,
1.276817600000000,\xC5,,
1.276912960000000,\xDC,,
1.277008320000000,\xD5,,
1.277103680000000,\xDC,,
1.277199040000000,U,,
1.277294560000000,\xDC,,
1.277389920000000,\xC5,,
1.277485280000000,\xDC,,
1.277580640000000,\xD5,,
1.277676000000000,\xDC,,
1.277771520000000,U,,
1.277866880000000,\xDC,,
1.277962240000000,\x05,,
1.278057600000000,\xDC,,
1.278152960000000,\x05,,
1.278248320000000,\x94,,
1.278343840000000,\xEC,,
1.279386720000000, ,,
1.279482080000000,@,,
1.279577440000000,\xD5,,
1.279672800000000,\xC5,,
1.279768160000000,\xEB,,
1.279863520000000,\xD5,,
1.279959040000000,E,,
1.280054400000000,U,,
1.280149760000000,\xA8,,
1.280245120000000,\xC5,,
1.280340480000000,\xDC,,
1.280435840000000,\xD5,,
1.280531360000000,\xDC,,
1.280626720000000,U,,
1.280722080000000,\xDC,,
1.280817440000000,\xC5,,
1.280912800000000,\xDC,,
1.281008320000000,\xD5,,
1.281103680000000,\xDC,,
1.281199040000000,U,,
1.281294400000000,\xDC,,
1.281389760000000,\xC5,,
1.281485120000000,\xDC,,
1.281580640000000,\xD5,,
1.281676000000000,\xDC,,
1.281771360000000,U,,
1.281866720000000,\xDC,,
1.281962080000000,\x05,,
1.282057600000000,\xDC,,
1.282152960000000,\x05,,
1.282248320000000,\x94,,
1.282343680000000,\xEC,,
1.283386560000000, ,,
1.283481920000000,@,,
1.283577440000000,\xD5,,
1.283672800000000,\xC5,,
1.283768160000000,\xEB,,
1.283863520000000,\xD5,,
1.283958880000000,E,,
1.284054240000000,U,,
1.284149760000000,\xA8,,
1.284245120000000,\xC5,,
1.284340480000000,\xDC,,
1.284435840000000,\xD5,,
1.284531200000000,\xDC,,
1.284626720000000,U,,
1.284722080000000,\xDC,,
1.284817440000000,\xC5,,
1.284912800000000,\xDC,,
1.285008160000000,\xD5,,
1.285103520000000,\xDC,,
1.285199040000000,U,,
1.285294400000000,\xDC,,
1.285389760000000,\xC5,,
1.285485120000000,\xDC,,
1.285580480000000,\xD5,,
1.285676000000000,\xDC,,
1.285771360000000,U,,
1.285866720000000,\xDC,,
1.285962080000000,\x05,,
1.286057440000000,\xDC,,
1.286152800000000,\x05,,
1.286248320000000,\x94,,
1.286343680000000,\xEC,,
1.287386560000000, ,,
1.287481920000000,@,,
1.287577280000000,\xD5,,
1.287672640000000,\xC5,,
1.287768000000000,\xEB,,
1.287863520000000,\xD5,,
1.287958880000000,E,,
1.288054240000000,U,,
1.288149600000000,\xA8,,
1.288244960000000,\xC5,,
1.288340480000000,\xDC,,
1.288435840000000,\xD5,,
1.288531200000000,\xDC,,
1.288626560000000,U,,
1.288721920000000,\xDC,,
1.288817280000000,\xC5,,
1.288912800000000,\xDC,,
1.289008160000000,\xD5,,
1.289103520000000,\xDC,,
1.289198880000000,U,,
1.289294240000000,\xDC,,
1.289389600000000,\xC5,,
1.289485120000000,\xDC,,
1.289580480000000,\xD5,,
1.289675840000000,\xDC,,
1.289771200000000,U,,
1.289866560000000,\xDC,,
1.289962080000000,\x05,,
1.290057440000000,\xDC,,
1.290152800000000,\x05,,
1.290248160000000,\x94,,
1.290343520000000,\xEC,,
1.291386400000000, ,,
1.291481920000000,@,,
1.291577280000000,\xD5,,
1.291672640000000,\xC5,,
1.291768000000000,\xEB,,
1.291863360000000,\xD5,,
1.291958880000000,E,,
1.292054240000000,U,,
1.292149600000000,\xA8,,
1.292244960000000,\xC5,,
1.292340320000000,\xDC,,
1.292435680000000,\xD5,,
1.292531200000000,\xDC,,
1.292626560000000,U,,
1.292721920000000,\xDC,,
1.292817280000000,\xC5,,
1.292912640000000,\xDC,,
1.293008160000000,\xD5,,
1.293103520000000,\xDC,,
1.293198880000000,U,,
1.293294240000000,\xDC,,
1.293389600000000,\xC5,,
1.293484960000000,\xDC,,
1.293580480000000,\xD5,,
1.293675840000000,\xDC,,
1.293771200000000,U,,
1.293866560000000,\xDC,,
1.293961920000000,\x05,,
1.294057440000000,\xDC,,
1.294152800000000,\x05,,
1.294248160000000,\x94,,
1.294343520000000,\xEC,,
1.295393920000000, ,,
1.295489280000000,@,,
1.295584800000000,\xD5,,
1.295680160000000,\xC5,,
1.295775520000000,\xEB,,
1.295870880000000,\xD5,,
1.295966240000000,E,,
1.296061600000000,U,,
1.296157120000000,\xA8,,
1.296252480000000,\xC5,,
1.296347840000000,\xDC,,
1.296443200000000,\xD5,,
1.296538560000000,\xDC,,
1.296634080000000,U,,
1.296729440000000,\xDC,,
1.296824800000000,\xC5,,
1.296920160000000,\xDC,,
1.297015520000000,\xD5,,
1.297111040000000,\xDC,,
1.297206400000000,U,,
1.297301760000000,\xDC,,
1.297397120000000,\xC5,,
1.297492480000000,\xDC,,
1.297587840000000,\xD5,,
1.297683360000000,\xDC,,
1.297778720000000,U,,
1.297874080000000,\xDC,,
1.297969440000000,\x05,,
1.298064800000000,\xDC,,
1.298160320000000,\x05,,
1.298255680000000,\x94,,
1.298351040000000,\xEC,,
1.299400800000000, ,,
1.299496160000000,@,,
1.299591520000000,\xD5,,
1.299687040000000,\xC5,,
1.299782400000000,\xEB,,
1.299877760000000,\xD5,,
1.299973120000000,E,,
1.300068480000000,U,,
1.300164000000000,\xA8,,
1.300259360000000,\xC5,,
1.300354720000000,\xDC,,
1.300450080000000,\xD5,,
1.300545440000000,\xDC,,
1.300640800000000,U,,
1.300736320000000,\xDC,,
1.300831680000000,\xC5,,
1.300927040000000,\xDC,,
1.301022400000000,\xD5,,
1.301117760000000,\xDC,,
1.301213280000000,U,,
1.301308640000000,\xDC,,
1.301404000000000,\xC5,,
1.301499360000000,\xDC,,
1.301594720000000,\xD5,,
1.301690080000000,\xDC,,
1.301785600000000,U,,
1.301880960000000,\xDC,,
1.301976320000000,\x05,,
1.302071680000000,\xDC,,
1.302167040000000,\x05,,
1.302262560000000,\x94,,
1.302357920000000,\xEC,,
1.303386240000000, ,,
1.303481600000000,@,,
1.303576960000000,\xD5,,
1.303672320000000,\xC5,,
1.303767840000000,\xEB,,
1.303863200000000,\xD5,,
1.303958560000000,E,,
1.304053920000000,U,,
1.304149280000000,\xA8,,
1.304244800000000,\xC5,,
1.304340160000000,\xDC,,
1.304435520000000,\xD5,,
1.304530880000000,\xDC,,
1.304626240000000,U,,
1.304721600000000,\xDC,,
1.304817120000000,\xC5,,
1.304912480000000,\xDC,,
1.305007840000000,\xD5,,
1.305103200000000,\xDC,,
1.305198560000000,U,,
1.305293920000000,\xDC,,
1.305389440000000,\xC5,,
1.305484800000000,\xDC,,
1.305580160000000,\xD5,,
1.305675520000000,\xDC,,
1.305770880000000,U,,
1.305866400000000,\xDC,,
1.305961760000000,\x05,,
1.306057120000000,\xDC,,
1.306152480000000,\x05,,
1.306247840000000,\x94,,
1.306343200000000,\xEC,,
1.307386240000000, ,,
1.307481600000000,@,,
1.307576960000000,\xD5,,
1.307672320000000,\xC5,,
1.307767680000000,\xEB,,
1.307863040000000,\xD5,,
1.307958560000000,E,,
1.308053920000000,U,,
1.308149280000000,\xA8,,
1.308244640000000,\xC5,,
1.308340000000000,\xDC,,
1.308435360000000,\xD5,,
1.308530880000000,\xDC,,
1.308626240000000,U,,
1.308721600000000,\xDC,,
1.308816960000000,\xC5,,
1.308912320000000,\xDC,,
1.309007840000000,\xD5,,
1.309103200000000,\xDC,,
1.309198560000000,U,,
1.309293920000000,\xDC,,
1.309389280000000,\xC5,,
1.309484640000000,\xDC,,
1.309580160000000,\xD5,,
1.309675520000000,\xDC,,
1.309770880000000,U,,
1.309866240000000,\xDC,,
1.309961600000000,\x05,,
1.310056960000000,\xDC,,
1.310152480000000,\x05,,
1.310247840000000,\x94,,
1.310343200000000,\xEC,,
1.311386080000000, ,,
1.311481440000000,@,,
1.311576960000000,\xD5,,
1.311672320000000,\xC5,,
1.311767680000000,\xEB,,
1.311863040000000,\xD5,,
1.311958400000000,E,,
1.312053760000000,U,,
1.312149280000000,\xA8,,
1.312244640000000,\xC5,,
1.312340000000000,\xDC,,
1.312435360000000,\xD5,,
1.312530720000000,\xDC,,
1.312626240000000,U,,
1.312721600000000,\xDC,,
1.312816960000000,\xC5,,
1.312912320000000,\xDC,,
1.313007680000000,\xD5,,
1.313103040000000,\xDC,,
1.313198560000000,U,,
1.313293920000000,\xDC,,
1.313389280000000,\xC5,,
1.313484640000000,\xDC,,
1.313580000000000,\xD5,,
1.313675520000000,\xDC,,
1.313770880000000,U,,
1.313866240000000,\xDC,,
1.313961600000000,\x05,,
1.314056960000000,\xDC,,
1.314152320000000,\x05,,
1.314247840000000,\x94,,
1.314343200000000,\xEC,,
1.315386080000000, ,,
1.315481440000000,@,,
1.315576800000000,\xD5,,
1.315672160000000,\xC5,,
1.315767520000000,\xEB,,
1.315863040000000,\xD5,,
1.315958400000000,E,,
1.316053760000000,U,,
1.316149120000000,\xA8,,
1.316244480000000,\xC5,,
1.316340000000000,\xDC,,
1.316435360000000,\xD5,,
1.316530720000000,\xDC,,
1.316626080000000,U,,
1.316721440000000,\xDC,,
1.316816800000000,\xC5,,
1.316912320000000,\xDC,,
1.317007680000000,\xD5,,
1.317103040000000,\xDC,,
1.317198400000000,U,,
1.317293760000000,\xDC,,
1.317389280000000,\xC5,,
1.317484640000000,\xDC,,
1.317580000000000,\xD5,,
1.317675360000000,\xDC,,
1.317770720000000,U,,
1.317866080000000,\xDC,,
1.317961600000000,\x05,,
1.318056960000000,\xDC,,
1.318152320000000,\x05,,
1.318247680000000,\x94,,
1.318343040000000,\xEC,,
1.319385920000000, ,,
1.319481280000000,@,,
1.319576800000000,\xD5,,
1.319672160000000,\xC5,,
1.319767520000000,\xEB,,
1.319862880000000,\xD5,,
1.319958240000000,E,,
1.320053760000000,U,,
1.320149120000000,\xA8,,
1.320244480000000,\xC5,,
1.320339840000000,\xDC,,
1.320435200000000,\xD5,,
1.320530560000000,\xDC,,
1.320626080000000,U,,
1.320721440000000,\xDC,,
1.320816800000000,\xC5,,
1.320912160000000,\xDC,,
1.321007520000000,\xD5,,
1.321103040000000,\xDC,,
1.321198400000000,U,,
1.321293760000000,\xDC,,
1.321389120000000,\xC5,,
1.321484480000000,\xDC,,
1.321579840000000,\xD5,,
1.321675360000000,\xDC,,
1.321770720000000,U,,
1.321866080000000,\xDC,,
1.321961440000000,\x05,,
1.322056800000000,\xDC,,
1.322152320000000,\x05,,
1.322247680000000,\x94,,
1.322343040000000,\xEC,,
1.323385920000000, ,,
1.323481280000000,@,,
1.323576640000000,\xD5,,
1.323672000000000,\xC5,,
1.323767360000000,\xEB,,
1.323862880000000,\xD5,,
1.323958240000000,E,,
1.324053600000000,U,,
1.324148960000000,\xA8,,
1.324244320000000,\xC5,,
1.324339680000000,\xDC,,
1.324435200000000,\xD5,,
1.324530560000000,\xDC,,
1.324625920000000,U,,
1.324721280000000,\xDC,,
1.324816640000000,\xC5,,
1.324912160000000,\xDC,,
1.325007520000000,\xD5,,
1.325102880000000,\xDC,,
1.325198240000000,U,,
1.325293600000000,\xDC,,
1.325388960000000,\xC5,,
1.325484480000000,\xDC,,
1.325579840000000,\xD5,,
1.325675200000000,\xDC,,
1.325770560000000,U,,
1.325865920000000,\xDC,,
1.325961440000000,\x05,,
1.326056800000000,\xDC,,
1.326152160000000,\x05,,
1.326247520000000,\x94,,
1.326342880000000,\xEC,,
1.327385760000000, ,,
1.327481120000000,@,,
1.327576640000000,\xD5,,
1.327672000000000,\xC5,,
1.327767360000000,\xEB,,
1.327862720000000,\xD5,,
1.327958080000000,E,,
1.328053600000000,U,,
1.328148960000000,\xA8,,
1.328244320000000,\xC5,,
1.328339680000000,\xDC,,
1.328435040000000,\xD5,,
1.328530400000000,\xDC,,
1.328625920000000,U,,
1.328721280000000,\xDC,,
1.328816640000000,\xC5,,
1.328912000000000,\xDC,,
1.329007360000000,\xD5,,
1.329102880000000,\xDC,,
1.329198240000000,U,,
1.329293600000000,\xDC,,
1.329388960000000,\xC5,,
1.329484320000000,\xDC,,
1.329579680000000,\xD5,,
1.329675200000000,\xDC,,
1.329770560000000,U,,
1.329865920000000,\xDC,,
1.329961280000000,\x05,,
1.330056640000000,\xDC,,
1.330152000000000,\x05,,
1.330247520000000,\x94,,
1.330342880000000,\xEC,,
1.331387200000000, ,,
1.331482720000000,@,,
1.331578080000000,\xD5,,
1.331673440000000,\xC5,,
1.331768800000000,\xEB,,
1.331864160000000,\xD5,,
1.331959520000000,E,,
1.332055040000000,U,,
1.332150400000000,\xA8,,
1.332245760000000,\xC5,,
1.332341120000000,\xDC,,
1.332436480000000,\xD5,,
1.332532000000000,\xDC,,
1.332627360000000,U,,
1.332722720000000,\xDC,,
1.332818080000000,\xC5,,
1.332913440000000,\xDC,,
1.333008800000000,\xD5,,
1.333104320000000,\xDC,,
1.333199680000000,U,,
1.333295040000000,\xDC,,
1.333390400000000,\xC5,,
1.333485760000000,\xDC,,
1.333581280000000,\xD5,,
1.333676640000000,\xDC,,
1.333772000000000,U,,
1.333867360000000,\xDC,,
1.333962720000000,\x05,,
1.334058080000000,\xDC,,
1.334153600000000,\x05,,
1.334248960000000,\x94,,
1.334344320000000,\xEC,,
1.335385760000000, ,,
1.335481120000000,@,,
1.335576480000000,\xD5,,
1.335671840000000,\xC5,,
1.335767200000000,\xEB,,
1.335862560000000,\xD5,,
1.335958080000000,E,,
1.336053440000000,U,,
1.336148800000000,\xA8,,
1.336244160000000,\xC5,,
1.336339520000000,\xDC,,
1.336435040000000,\xD5,,
1.336530400000000,\xDC,,
1.336625760000000,U,,
1.336721120000000,\xDC,,
1.336816480000000,\xC5,,
1.336912000000000,\xDC,,
1.337007360000000,\xD5,,
1.337102720000000,\xDC,,
1.337198080000000,U,,
1.337293440000000,\xDC,,
1.337388800000000,\xC5,,
1.337484320000000,\xDC,,
1.337579680000000,\xD5,,
1.337675040000000,\xDC,,
1.337770400000000,U,,
1.337865760000000,\xDC,,
1.337961280000000,\x05,,
1.338056640000000,\xDC,,
1.338152000000000,\x05,,
1.338247360000000,\x94,,
1.338342720000000,\xEC,,
1.339385600000000, ,,
1.339480960000000,@,,
1.339576320000000,\xD5,,
1.339671840000000,\xC5,,
1.339767200000000,\xEB,,
1.339862560000000,\xD5,,
1.339957920000000,E,,
1.340053280000000,U,,
1.340148800000000,\xA8,,
1.340244160000000,\xC5,,
1.340339520000000,\xDC,,
1.340434880000000,\xD5,,
1.340530240000000,\xDC,,
1.340625600000000,U,,
1.340721120000000,\xDC,,
1.340816480000000,\xC5,,
1.340911840000000,\xDC,,
1.341007200000000,\xD5,,
1.341102560000000,\xDC,,
1.341198080000000,U,,
1.341293440000000,\xDC,,
1.341388800000000,\xC5,,
1.341484160000000,\xDC,,
1.341579520000000,\xD5,,
1.341675040000000,\xDC,,
1.341770400000000,U,,
1.341865760000000,\xDC,,
1.341961120000000,\x05,,
1.342056480000000,\xDC,,
1.342151840000000,\x05,,
1.342247360000000,\x94,,
1.342342720000000,\xEC,,
1.343385600000000, ,,
1.343480960000000,@,,
1.343576320000000,\xD5,,
1.343671680000000,\xC5,,
1.343767040000000,\xEB,,
1.343862560000000,\xD5,,
1.343957920000000,E,,
1.344053280000000,U,,
1.344148640000000,\xA8,,
1.344244000000000,\xC5,,
1.344339360000000,\xDC,,
1.344434880000000,\xD5,,
1.344530240000000,\xDC,,
1.344625600000000,U,,
1.344720960000000,\xDC,,
1.344816320000000,\xC5,,
1.344911840000000,\xDC,,
1.345007200000000,\xD5,,
1.345102560000000,\xDC,,
1.345197920000000,U,,
1.345293280000000,\xDC,,
1.345388640000000,\xC5,,
1.345484160000000,\xDC,,
1.345579520000000,\xD5,,
1.345674880000000,\xDC,,
1.345770240000000,U,,
1.345865600000000,\xDC,,
1.345961120000000,\x05,,
1.346056480000000,\xDC,,
1.346151840000000,\x05,,
1.346247200000000,\x94,,
1.346342560000000,\xEC,,
1.347390880000000, ,,
1.347486240000000,@,,
1.347581600000000,\xD5,,
1.347676960000000,\xC5,,
1.347772480000000,\xEB,,
1.347867840000000,\xD5,,
1.347963200000000,E,,
1.348058560000000,U,,
1.348153920000000,\xA8,,
1.348249280000000,\xC5,,
1.348344800000000,\xDC,,
1.348440160000000,\xD5,,
1.348535520000000,\xDC,,
1.348630880000000,U,,
1.348726240000000,\xDC,,
1.348821760000000,\xC5,,
1.348917120000000,\xDC,,
1.349012480000000,\xD5,,
1.349107840000000,\xDC,,
1.349203200000000,U,,
1.349298560000000,\xDC,,
1.349394080000000,\xC5,,
1.349489440000000,\xDC,,
1.349584800000000,\xD5,,
1.349680160000000,\xDC,,
1.349775520000000,U,,
1.349871040000000,\xDC,,
1.349966400000000,\x05,,
1.350061760000000,\xDC,,
1.350157120000000,\x05,,
1.350252480000000,\x94,,
1.350347840000000,\xEC,,
1.351406400000000, ,,
1.351501760000000,@,,
1.351597120000000,\xD5,,
1.351692480000000,\xC5,,
1.351788000000000,\xEB,,
1.351883360000000,\xD5,,
1.351978720000000,E,,
1.352074080000000,U,,
1.352169440000000,\xA8,,
1.352264800000000,\xC5,,
1.352360320000000,\xDC,,
1.352455680000000,\xD5,,
1.352551040000000,\xDC,,
1.352646400000000,U,,
1.352741760000000,\xDC,,
1.352837280000000,\xC5,,
1.352932640000000,\xDC,,
1.353028000000000,\xD5,,
1.353123360000000,\xDC,,
1.353218720000000,U,,
1.353314080000000,\xDC,,
1.353409600000000,\xC5,,
1.353504960000000,\xDC,,
1.353600320000000,\xD5,,
1.353695680000000,\xDC,,
1.353791040000000,U,,
1.353886560000000,\xDC,,
1.353981920000000,\x05,,
1.354077280000000,\xDC,,
1.354172640000000,\x05,,
1.354268000000000,\x94,,
1.354363520000000,\xEC,,
1.355385280000000, ,,
1.355480800000000,@,,
1.355576160000000,\xD5,,
1.355671520000000,\xC5,,
1.355766880000000,\xEB,,
1.355862240000000,\xD5,,
1.355957760000000,E,,
1.356053120000000,U,,
1.356148480000000,\xA8,,
1.356243840000000,\xC5,,
1.356339200000000,\xDC,,
1.356434560000000,\xD5,,
1.356530080000000,\xDC,,
1.356625440000000,U,,
1.356720800000000,\xDC,,
1.356816160000000,\xC5,,
1.356911520000000,\xDC,,
1.357007040000000,\xD5,,
1.357102400000000,\xDC,,
1.357197760000000,U,,
1.357293120000000,\xDC,,
1.357388480000000,\xC5,,
1.357483840000000,\xDC,,
1.357579360000000,\xD5,,
1.357674720000000,\xDC,,
1.357770080000000,U,,
1.357865440000000,\xDC,,
1.357960800000000,\x05,,
1.358056160000000,\xDC,,
1.358151680000000,\x05,,
1.358247040000000,\x94,,
1.358342400000000,\xEC,,
1.359385280000000, ,,
1.359480640000000,@,,
1.359576000000000,\xD5,,
1.359671360000000,\xC5,,
1.359766880000000,\xEB,,
1.359862240000000,\xD5,,
1.359957600000000,E,,
1.360052960000000,U,,
1.360148320000000,\xA8,,
1.360243680000000,\xC5,,
1.360339200000000,\xDC,,
1.360434560000000,\xD5,,
1.360529920000000,\xDC,,
1.360625280000000,U,,
1.360720640000000,\xDC,,
1.360816160000000,\xC5,,
1.360911520000000,\xDC,,
1.361006880000000,\xD5,,
1.361102240000000,\xDC,,
1.361197600000000,U,,
1.361292960000000,\xDC,,
1.361388480000000,\xC5,,
1.361483840000000,\xDC,,
1.361579200000000,\xD5,,
1.361674560000000,\xDC,,
1.361769920000000,U,,
1.361865440000000,\xDC,,
1.361960800000000,\x05,,
1.362056160000000,\xDC,,
1.362151520000000,\x05,,
1.362246880000000,\x94,,
1.362342240000000,\xEC,,
1.363408160000000, ,,
1.363503520000000,@,,
1.363599040000000,\xD5,,
1.363694400000000,\xC5,,
1.363789760000000,\xEB,,
1.363885120000000,\xD5,,
1.363980480000000,E,,
1.364076000000000,U,,
1.364171360000000,\xA8,,
1.364266720000000,\xC5,,
1.364362080000000,\xDC,,
1.364457440000000,\xD5,,
1.364552800000000,\xDC,,
1.364648320000000,U,,
1.364743680000000,\xDC,,
1.364839040000000,\xC5,,
1.364934400000000,\xDC,,
1.365029760000000,\xD5,,
1.365125120000000,\xDC,,
1.365220640000000,U,,
1.365316000000000,\xDC,,
1.365411360000000,\xC5,,
1.365506720000000,\xDC,,
1.365602080000000,\xD5,,
1.365697600000000,\xDC,,
1.365792960000000,U,,
1.365888320000000,\xDC,,
1.365983680000000,\x05,,
1.366079040000000,\xDC,,
1.366174400000000,\x05,,
1.366269920000000,\x94,,
1.366365280000000,\xEC,,
1.367385120000000, ,,
1.367480480000000,@,,
1.367576000000000,\xD5,,
1.367671360000000,\xC5,,
1.367766720000000,\xEB,,
1.367862080000000,\xD5,,
1.367957440000000,E,,
1.368052800000000,U,,
1.368148320000000,\xA8,,
1.368243680000000,\xC5,,
1.368339040000000,\xDC,,
1.368434400000000,\xD5,,
1.368529760000000,\xDC,,
1.368625280000000,U,,
1.368720640000000,\xDC,,
1.368816000000000,\xC5,,
1.368911360000000,\xDC,,
1.369006720000000,\xD5,,
1.369102080000000,\xDC,,
1.369197600000000,U,,
1.369292960000000,\xDC,,
1.369388320000000,\xC5,,
1.369483680000000,\xDC,,
1.369579040000000,\xD5,,
1.369674400000000,\xDC,,
1.369769920000000,U,,
1.369865280000000,\xDC,,
1.369960640000000,\x05,,
1.370056000000000,\xDC,,
1.370151360000000,\x05,,
1.370246880000000,\x94,,
1.370342240000000,\xEC,,
1.371384960000000, ,,
1.371480480000000,@,,
1.371575840000000,\xD5,,
1.371671200000000,\xC5,,
1.371766560000000,\xEB,,
1.371861920000000,\xD5,,
1.371957440000000,E,,
1.372052800000000,U,,
1.372148160000000,\xA8,,
1.372243520000000,\xC5,,
1.372338880000000,\xDC,,
1.372434240000000,\xD5,,
1.372529760000000,\xDC,,
1.372625120000000,U,,
1.372720480000000,\xDC,,
1.372815840000000,\xC5,,
1.372911200000000,\xDC,,
1.373006560000000,\xD5,,
1.373102080000000,\xDC,,
1.373197440000000,U,,
1.373292800000000,\xDC,,
1.373388160000000,\xC5,,
1.373483520000000,\xDC,,
1.373579040000000,\xD5,,
1.373674400000000,\xDC,,
1.373769760000000,U,,
1.373865120000000,\xDC,,
1.373960480000000,\x05,,
1.374055840000000,\xDC,,
1.374151360000000,\x05,,
1.374246720000000,\x94,,
1.374342080000000,\xEC,,
1.375384960000000, ,,
1.375480320000000,@,,
1.375575840000000,\xD5,,
1.375671200000000,\xC5,,
1.375766560000000,\xEB,,
1.375861920000000,\xD5,,
1.375957280000000,E,,
1.376052800000000,U,,
1.376148160000000,\xA8,,
1.376243520000000,\xC5,,
1.376338880000000,\xDC,,
1.376434240000000,\xD5,,
1.376529600000000,\xDC,,
1.376625120000000,U,,
1.376720480000000,\xDC,,
1.376815840000000,\xC5,,
1.376911200000000,\xDC,,
1.377006560000000,\xD5,,
1.377101920000000,\xDC,,
1.377197440000000,U,,
1.377292800000000,\xDC,,
1.377388160000000,\xC5,,
1.377483520000000,\xDC,,
1.377578880000000,\xD5,,
1.377674400000000,\xDC,,
1.377769760000000,U,,
1.377865120000000,\xDC,,
1.377960480000000,\x05,,
1.378055840000000,\xDC,,
1.378151200000000,\x05,,
1.378246720000000,\x94,,
1.378342080000000,\xEC,,
1.379384960000000, ,,
1.379480320000000,@,,
1.379575680000000,\xD5,,
1.379671040000000,\xC5,,
1.379766400000000,\xEB,,
1.379861920000000,\xD5,,
1.379957280000000,E,,
1.380052640000000,U,,
1.380148000000000,\xA8,,
1.380243360000000,\xC5,,
1.380338720000000,\xDC,,
1.380434240000000,\xD5,,
1.380529600000000,\xDC,,
1.380624960000000,U,,
1.380720320000000,\xDC,,
1.380815680000000,\xC5,,
1.380911200000000,\xDC,,
1.381006560000000,\xD5,,
1.381101920000000,\xDC,,
1.381197280000000,U,,
1.381292640000000,\xDC,,
1.381388000000000,\xC5,,
1.381483520000000,\xDC,,
1.381578880000000,\xD5,,
1.381674240000000,\xDC,,
1.381769600000000,U,,
1.381864960000000,\xDC,,
1.381960320000000,\x05,,
1.382055840000000,\xDC,,
1.382151200000000,\x05,,
1.382246560000000,\x94,,
1.382341920000000,\xEC,,
1.383384800000000, ,,
1.383480160000000,@,,
1.383575680000000,\xD5,,
1.383671040000000,\xC5,,
1.383766400000000,\xEB,,
1.383861760000000,\xD5,,
1.383957120000000,E,,
1.384052640000000,U,,
1.384148000000000,\xA8,,
1.384243360000000,\xC5,,
1.384338720000000,\xDC,,
1.384434080000000,\xD5,,
1.384529440000000,\xDC,,
1.384624960000000,U,,
1.384720320000000,\xDC,,
1.384815680000000,\xC5,,
1.384911040000000,\xDC,,
1.385006400000000,\xD5,,
1.385101920000000,\xDC,,
1.385197280000000,U,,
1.385292640000000,\xDC,,
1.385388000000000,\xC5,,
1.385483360000000,\xDC,,
1.385578880000000,\xD5,,
1.385674240000000,\xDC,,
1.385769600000000,U,,
1.385864960000000,\xDC,,
1.385960320000000,\x05,,
1.386055680000000,\xDC,,
1.386151200000000,\x05,,
1.386246560000000,\x94,,
1.386341920000000,\xEC,,
1.387384800000000, ,,
1.387480160000000,@,,
1.387575520000000,\xD5,,
1.387670880000000,\xC5,,
1.387766240000000,\xEB,,
1.387861760000000,\xD5,,
1.387957120000000,E,,
1.388052480000000,U,,
1.388147840000000,\xA8,,
1.388243200000000,\xC5,,
1.388338720000000,\xDC,,
1.388434080000000,\xD5,,
1.388529440000000,\xDC,,
1.388624800000000,U,,
1.388720160000000,\xDC,,
1.388815520000000,\xC5,,
1.388911040000000,\xDC,,
1.389006400000000,\xD5,,
1.389101760000000,\xDC,,
1.389197120000000,U,,
1.389292480000000,\xDC,,
1.389388000000000,\xC5,,
1.389483360000000,\xDC,,
1.389578720000000,\xD5,,
1.389674080000000,\xDC,,
1.389769440000000,U,,
1.389864960000000,\xDC,,
1.389960320000000,\x05,,
1.390055680000000,\xDC,,
1.390151040000000,\x05,,
1.390246400000000,\x94,,
1.390341760000000,\xEC,,
1.391384640000000, ,,
1.391480000000000,@,,
1.391575520000000,\xD5,,
1.391670880000000,\xC5,,
1.391766240000000,\xEB,,
1.391861600000000,\xD5,,
1.391956960000000,E,,
1.392052320000000,U,,
1.392147840000000,\xA8,,
1.392243200000000,\xC5,,
1.392338560000000,\xDC,,
1.392433920000000,\xD5,,
1.392529280000000,\xDC,,
1.392624800000000,U,,
1.392720160000000,\xDC,,
1.392815520000000,\xC5,,
1.392910880000000,\xDC,,
1.393006240000000,\xD5,,
1.393101600000000,\xDC,,
1.393197120000000,U,,
1.393292480000000,\xDC,,
1.393387840000000,\xC5,,
1.393483200000000,\xDC,,
1.393578560000000,\xD5,,
1.393674080000000,\xDC,,
1.393769440000000,U,,
1.393864800000000,\xDC,,
1.393960160000000,\x05,,
1.394055520000000,\xDC,,
1.394151040000000,\x05,,
1.394246400000000,\x94,,
1.394341760000000,\xEC,,
1.395384640000000, ,,
1.395480000000000,@,,
1.395575360000000,\xD5,,
1.395670720000000,\xC5,,
1.395766240000000,\xEB,,
1.395861600000000,\xD5,,
1.395956960000000,E,,
1.396052320000000,U,,
1.396147680000000,\xA8,,
1.396243040000000,\xC5,,
1.396338560000000,\xDC,,
1.396433920000000,\xD5,,
1.396529280000000,\xDC,,
1.396624640000000,U,,
1.396720000000000,\xDC,,
1.396815520000000,\xC5,,
1.396910880000000,\xDC,,
1.397006240000000,\xD5,,
1.397101600000000,\xDC,,
1.397196960000000,U,,
1.397292320000000,\xDC,,
1.397387840000000,\xC5,,
1.397483200000000,\xDC,,
1.397578560000000,\xD5,,
1.397673920000000,\xDC,,
1.397769280000000,U,,
1.397864640000000,\xDC,,
1.397960160000000,\x05,,
1.398055520000000,\xDC,,
1.398150880000000,\x05,,
1.398246240000000,\x94,,
1.398341600000000,\xEC,,
1.399391520000000, ,,
1.399486880000000,@,,
1.399582240000000,\xD5,,
1.399677600000000,\xC5,,
1.399772960000000,\xEB,,
1.399868480000000,\xD5,,
1.399963840000000,E,,
1.400059200000000,U,,
1.400154560000000,\xA8,,
1.400249920000000,\xC5,,
1.400345280000000,\xDC,,
1.400440800000000,\xD5,,
1.400536160000000,\xDC,,
1.400631520000000,U,,
1.400726880000000,\xDC,,
1.400822240000000,\xC5,,
1.400917760000000,\xDC,,
1.401013120000000,\xD5,,
1.401108480000000,\xDC,,
1.401203840000000,U,,
1.401299200000000,\xDC,,
1.401394560000000,\xC5,,
1.401490080000000,\xDC,,
1.401585440000000,\xD5,,
1.401680800000000,\xDC,,
1.401776160000000,U,,
1.401871520000000,\xDC,,
1.401966880000000,\x05,,
1.402062400000000,\xDC,,
1.402157760000000,\x05,,
1.402253120000000,\x94,,
1.402348480000000,\xEC,,
1.403384480000000, ,,
1.403479840000000,@,,
1.403575200000000,\xD5,,
1.403670720000000,\xC5,,
1.403766080000000,\xEB,,
1.403861440000000,\xD5,,
1.403956800000000,E,,
1.404052160000000,U,,
1.404147520000000,\xA8,,
1.404243040000000,\xC5,,
1.404338400000000,\xDC,,
1.404433760000000,\xD5,,
1.404529120000000,\xDC,,
1.404624480000000,U,,
1.404720000000000,\xDC,,
1.404815360000000,\xC5,,
1.404910720000000,\xDC,,
1.405006080000000,\xD5,,
1.405101440000000,\xDC,,
1.405196800000000,U,,
1.405292320000000,\xDC,,
1.405387680000000,\xC5,,
1.405483040000000,\xDC,,
1.405578400000000,\xD5,,
1.405673760000000,\xDC,,
1.405769120000000,U,,
1.405864640000000,\xDC,,
1.405960000000000,\x05,,
1.406055360000000,\xDC,,
1.406150720000000,\x05,,
1.406246080000000,\x94,,
1.406341600000000,\xEC,,
1.407384480000000, ,,
1.407479840000000,@,,
1.407575200000000,\xD5,,
1.407670560000000,\xC5,,
1.407765920000000,\xEB,,
1.407861440000000,\xD5,,
1.407956800000000,E,,
1.408052160000000,U,,
1.408147520000000,\xA8,,
1.408242880000000,\xC5,,
1.408338400000000,\xDC,,
1.408433760000000,\xD5,,
1.408529120000000,\xDC,,
1.408624480000000,U,,
1.408719840000000,\xDC,,
1.408815200000000,\xC5,,
1.408910720000000,\xDC,,
1.409006080000000,\xD5,,
1.409101440000000,\xDC,,
1.409196800000000,U,,
1.409292160000000,\xDC,,
1.409387680000000,\xC5,,
1.409483040000000,\xDC,,
1.409578400000000,\xD5,,
1.409673760000000,\xDC,,
1.409769120000000,U,,
1.409864480000000,\xDC,,
1.409960000000000,\x05,,
1.410055360000000,\xDC,,
1.410150720000000,\x05,,
1.410246080000000,\x94,,
1.410341440000000,\xEC,,
1.411384320000000, ,,
1.411479680000000,@,,
1.411575040000000,\xD5,,
1.411670560000000,\xC5,,
1.411765920000000,\xEB,,
1.411861280000000,\xD5,,
1.411956640000000,E,,
1.412052000000000,U,,
1.412147520000000,\xA8,,
1.412242880000000,\xC5,,
1.412338240000000,\xDC,,
1.412433600000000,\xD5,,
1.412528960000000,\xDC,,
1.412624320000000,U,,
1.412719840000000,\xDC,,
1.412815200000000,\xC5,,
1.412910560000000,\xDC,,
1.413005920000000,\xD5,,
1.413101280000000,\xDC,,
1.413196800000000,U,,
1.413292160000000,\xDC,,
1.413387520000000,\xC5,,
1.413482880000000,\xDC,,
1.413578240000000,\xD5,,
1.413673760000000,\xDC,,
1.413769120000000,U,,
1.413864480000000,\xDC,,
1.413959840000000,\x05,,
1.414055200000000,\xDC,,
1.414150560000000,\x05,,
1.414246080000000,\x94,,
1.414341440000000,\xEC,,
1.415384320000000, ,,
1.415479680000000,@,,
1.415575040000000,\xD5,,
1.415670400000000,\xC5,,
1.415765760000000,\xEB,,
1.415861120000000,\xD5,,
1.415956640000000,E,,
1.416052000000000,U,,
1.416147360000000,\xA8,,
1.416242720000000,\xC5,,
1.416338080000000,\xDC,,
1.416433600000000,\xD5,,
1.416528960000000,\xDC,,
1.416624320000000,U,,
1.416719680000000,\xDC,,
1.416815040000000,\xC5,,
1.416910400000000,\xDC,,
1.417005920000000,\xD5,,
1.417101280000000,\xDC,,
1.417196640000000,U,,
1.417292000000000,\xDC,,
1.417387360000000,\xC5,,
1.417482880000000,\xDC,,
1.417578240000000,\xD5,,
1.417673600000000,\xDC,,
1.417768960000000,U,,
1.417864320000000,\xDC,,
1.417959680000000,\x05,,
1.418055200000000,\xDC,,
1.418150560000000,\x05,,
1.418245920000000,\x94,,
1.418341280000000,\xEC,,
1.419384160000000, ,,
1.419479520000000,@,,
1.419575040000000,\xD5,,
1.419670400000000,\xC5,,
1.419765760000000,\xEB,,
1.419861120000000,\xD5,,
1.419956480000000,E,,
1.420051840000000,U,,
1.420147360000000,\xA8,,
1.420242720000000,\xC5,,
1.420338080000000,\xDC,,
1.420433440000000,\xD5,,
1.420528800000000,\xDC,,
1.420624320000000,U,,
1.420719680000000,\xDC,,
1.420815040000000,\xC5,,
1.420910400000000,\xDC,,
1.421005760000000,\xD5,,
1.421101120000000,\xDC,,
1.421196640000000,U,,
1.421292000000000,\xDC,,
1.421387360000000,\xC5,,
1.421482720000000,\xDC,,
1.421578080000000,\xD5,,
1.421673440000000,\xDC,,
1.421768960000000,U,,
1.421864320000000,\xDC,,
1.421959680000000,\x05,,
1.422055040000000,\xDC,,
1.422150400000000,\x05,,
1.422245920000000,\x94,,
1.422341280000000,\xEC,,
1.423384160000000, ,,
1.423479520000000,@,,
1.423574880000000,\xD5,,
1.423670400000000,\xC5,,
1.423765760000000,\xEB,,
1.423861120000000,\xD5,,
1.423956480000000,E,,
1.424051840000000,U,,
1.424147360000000,\xA8,,
1.424242720000000,\xC5,,
1.424338080000000,\xDC,,
1.424433440000000,\xD5,,
1.424528800000000,\xDC,,
1.424624160000000,U,,
1.424719680000000,\xDC,,
1.424815040000000,\xC5,,
1.424910400000000,\xDC,,
1.425005760000000,\xD5,,
1.425101120000000,\xDC,,
1.425196640000000,U,,
1.425292000000000,\xDC,,
1.425387360000000,\xC5,,
1.425482720000000,\xDC,,
1.425578080000000,\xD5,,
1.425673440000000,\xDC,,
1.425768960000000,U,,
1.425864320000000,\xDC,,
1.425959680000000,\x05,,
1.426055040000000,\xDC,,
1.426150400000000,\x05,,
1.426245760000000,\x94,,
1.426341280000000,\xEC,,
1.427384160000000, ,,
1.427479520000000,@,,
1.427574880000000,\xD5,,
1.427670240000000,\xC5,,
1.427765600000000,\xEB,,
1.427860960000000,\xD5,,
1.427956480000000,E,,
1.428051840000000,U,,
1.428147200000000,\xA8,,
1.428242560000000,\xC5,,
1.428337920000000,\xDC,,
1.428433440000000,\xD5,,
1.428528800000000,\xDC,,
1.428624160000000,U,,
1.428719520000000,\xDC,,
1.428814880000000,\xC5,,
1.428910400000000,\xDC,,
1.429005760000000,\xD5,,
1.429101120000000,\xDC,,
1.429196480000000,U,,
1.429291840000000,\xDC,,
1.429387200000000,\xC5,,
1.429482720000000,\xDC,,
1.429578080000000,\xD5,,
1.429673440000000,\xDC,,
1.429768800000000,U,,
1.429864160000000,\xDC,,
1.429959680000000,\x05,,
1.430055040000000,\xDC,,
1.430150400000000,\x05,,
1.430245760000000,\x94,,
1.430341120000000,\xEC,,
1.431384000000000, ,,
1.431479360000000,@,,
1.431574720000000,\xD5,,
1.431670080000000,\xC5,,
1.431765600000000,\xEB,,
1.431860960000000,\xD5,,
1.431956320000000,E,,
1.432051680000000,U,,
1.432147040000000,\xA8,,
1.432242560000000,\xC5,,
1.432337920000000,\xDC,,
1.432433280000000,\xD5,,
1.432528640000000,\xDC,,
1.432624000000000,U,,
1.432719360000000,\xDC,,
1.432814880000000,\xC5,,
1.432910240000000,\xDC,,
1.433005600000000,\xD5,,
1.433100960000000,\xDC,,
1.433196320000000,U,,
1.433291840000000,\xDC,,
1.433387200000000,\xC5,,
1.433482560000000,\xDC,,
1.433577920000000,\xD5,,
1.433673280000000,\xDC,,
1.433768640000000,U,,
1.433864160000000,\xDC,,
1.433959520000000,\x05,,
1.434054880000000,\xDC,,
1.434150240000000,\x05,,
1.434245600000000,\x94,,
1.434341120000000,\xEC,,
1.435384000000000, ,,
1.435479360000000,@,,
1.435574720000000,\xD5,,
1.435670080000000,\xC5,,
1.435765440000000,\xEB,,
1.435860960000000,\xD5,,
1.435956320000000,E,,
1.436051680000000,U,,
1.436147040000000,\xA8,,
1.436242400000000,\xC5,,
1.436337920000000,\xDC,,
1.436433280000000,\xD5,,
1.436528640000000,\xDC,,
1.436624000000000,U,,
1.436719360000000,\xDC,,
1.436814720000000,\xC5,,
1.436910240000000,\xDC,,
1.437005600000000,\xD5,,
1.437100960000000,\xDC,,
1.437196320000000,U,,
1.437291680000000,\xDC,,
1.437387040000000,\xC5,,
1.437482560000000,\xDC,,
1.437577920000000,\xD5,,
1.437673280000000,\xDC,,
1.437768640000000,U,,
1.437864000000000,\xDC,,
1.437959520000000,\x05,,
1.438054880000000,\xDC,,
1.438150240000000,\x05,,
1.438245600000000,\x94,,
1.438340960000000,\xEC,,
1.439383840000000, ,,
1.439479200000000,@,,
1.439574720000000,\xD5,,
1.439670080000000,\xC5,,
1.439765440000000,\xEB,,
1.439860800000000,\xD5,,
1.439956160000000,E,,
1.440051520000000,U,,
1.440147040000000,\xA8,,
1.440242400000000,\xC5,,
1.440337760000000,\xDC,,
1.440433120000000,\xD5,,
1.440528480000000,\xDC,,
1.440624000000000,U,,
1.440719360000000,\xDC,,
1.440814720000000,\xC5,,
1.440910080000000,\xDC,,
1.441005440000000,\xD5,,
1.441100800000000,\xDC,,
1.441196320000000,U,,
1.441291680000000,\xDC,,
1.441387040000000,\xC5,,
1.441482400000000,\xDC,,
1.441577760000000,\xD5,,
1.441673280000000,\xDC,,
1.441768640000000,U,,
1.441864000000000,\xDC,,
1.441959360000000,\x05,,
1.442054720000000,\xDC,,
1.442150080000000,\x05,,
1.442245600000000,\x94,,
1.442340960000000,\xEC,,
1.443393440000000, ,,
1.443488800000000,@,,
1.443584160000000,\xD5,,
1.443679520000000,\xC5,,
1.443774880000000,\xEB,,
1.443870240000000,\xD5,,
1.443965760000000,E,,
1.444061120000000,U,,
1.444156480000000,\xA8,,
1.444251840000000,\xC5,,
1.444347200000000,\xDC,,
1.444442720000000,\xD5,,
1.444538080000000,\xDC,,
1.444633440000000,U,,
1.444728800000000,\xDC,,
1.444824160000000,\xC5,,
1.444919520000000,\xDC,,
1.445015040000000,\xD5,,
1.445110400000000,\xDC,,
1.445205760000000,U,,
1.445301120000000,\xDC,,
1.445396480000000,\xC5,,
1.445492000000000,\xDC,,
1.445587360000000,\xD5,,
1.445682720000000,\xDC,,
1.445778080000000,U,,
1.445873440000000,\xDC,,
1.445968960000000,\x05,,
1.446064320000000,\xDC,,
1.446159680000000,\x05,,
1.446255040000000,\x94,,
1.446350400000000,\xEC,,
1.447406560000000, ,,
1.447501920000000,@,,
1.447597280000000,\xD5,,
1.447692640000000,\xC5,,
1.447788160000000,\xEB,,
1.447883520000000,\xD5,,
1.447978880000000,E,,
1.448074240000000,U,,
1.448169600000000,\xA8,,
1.448264960000000,\xC5,,
1.448360480000000,\xDC,,
1.448455840000000,\xD5,,
1.448551200000000,\xDC,,
1.448646560000000,U,,
1.448741920000000,\xDC,,
1.448837440000000,\xC5,,
1.448932800000000,\xDC,,
1.449028160000000,\xD5,,
1.449123520000000,\xDC,,
1.449218880000000,U,,
1.449314240000000,\xDC,,
1.449409760000000,\xC5,,
1.449505120000000,\xDC,,
1.449600480000000,\xD5,,
1.449695840000000,\xDC,,
1.449791200000000,U,,
1.449886720000000,\xDC,,
1.449982080000000,\x05,,
1.450077440000000,\xDC,,
1.450172800000000,\x05,,
1.450268160000000,\x94,,
1.450363680000000,\xEC,,
1.451383680000000, ,,
1.451479040000000,@,,
1.451574400000000,\xD5,,
1.451669760000000,\xC5,,
1.451765120000000,\xEB,,
1.451860640000000,\xD5,,
1.451956000000000,E,,
1.452051360000000,U,,
1.452146720000000,\xA8,,
1.452242080000000,\xC5,,
1.452337600000000,\xDC,,
1.452432960000000,\xD5,,
1.452528320000000,\xDC,,
1.452623680000000,U,,
1.452719040000000,\xDC,,
1.452814400000000,\xC5,,
1.452909920000000,\xDC,,
1.453005280000000,\xD5,,
1.453100640000000,\xDC,,
1.453196000000000,U,,
1.453291360000000,\xDC,,
1.453386880000000,\xC5,,
1.453482240000000,\xDC,,
1.453577600000000,\xD5,,
1.453672960000000,\xDC,,
1.453768320000000,U,,
1.453863680000000,\xDC,,
1.453959200000000,\x05,,
1.454054560000000,\xDC,,
1.454149920000000,\x05,,
1.454245280000000,\x94,,
1.454340640000000,\xEC,,
1.455383520000000, ,,
1.455478880000000,@,,
1.455574400000000,\xD5,,
1.455669760000000,\xC5,,
1.455765120000000,\xEB,,
1.455860480000000,\xD5,,
1.455955840000000,E,,
1.456051360000000,U,,
1.456146720000000,\xA8,,
1.456242080000000,\xC5,,
1.456337440000000,\xDC,,
1.456432800000000,\xD5,,
1.456528160000000,\xDC,,
1.456623680000000,U,,
1.456719040000000,\xDC,,
1.456814400000000,\xC5,,
1.456909760000000,\xDC,,
1.457005120000000,\xD5,,
1.457100640000000,\xDC,,
1.457196000000000,U,,
1.457291360000000,\xDC,,
1.457386720000000,\xC5,,
1.457482080000000,\xDC,,
1.457577600000000,\xD5,,
1.457672960000000,\xDC,,
1.457768320000000,U,,
1.457863680000000,\xDC,,
1.457959040000000,\x05,,
1.458054400000000,\xDC,,
1.458149920000000,\x05,,
1.458245280000000,\x94,,
1.458340640000000,\xEC,,
1.459383520000000, ,,
1.459478880000000,@,,
1.459574240000000,\xD5,,
1.459669760000000,\xC5,,
1.459765120000000,\xEB,,
1.459860480000000,\xD5,,
1.459955840000000,E,,
1.460051200000000,U,,
1.460146560000000,\xA8,,
1.460242080000000,\xC5,,
1.460337440000000,\xDC,,
1.460432800000000,\xD5,,
1.460528160000000,\xDC,,
1.460623520000000,U,,
1.460718880000000,\xDC,,
1.460814400000000,\xC5,,
1.460909760000000,\xDC,,
1.461005120000000,\xD5,,
1.461100480000000,\xDC,,
1.461195840000000,U,,
1.461291360000000,\xDC,,
1.461386720000000,\xC5,,
1.461482080000000,\xDC,,
1.461577440000000,\xD5,,
1.461672800000000,\xDC,,
1.461768160000000,U,,
1.461863680000000,\xDC,,
1.461959040000000,\x05,,
1.462054400000000,\xDC,,
1.462149760000000,\x05,,
1.462245120000000,\x94,,
1.462340640000000,\xEC,,
1.463383360000000, ,,
1.463478880000000,@,,
1.463574240000000,\xD5,,
1.463669600000000,\xC5,,
1.463764960000000,\xEB,,
1.463860320000000,\xD5,,
1.463955680000000,E,,
1.464051200000000,U,,
1.464146560000000,\xA8,,
1.464241920000000,\xC5,,
1.464337280000000,\xDC,,
1.464432640000000,\xD5,,
1.464528160000000,\xDC,,
1.464623520000000,U,,
1.464718880000000,\xDC,,
1.464814240000000,\xC5,,
1.464909600000000,\xDC,,
1.465004960000000,\xD5,,
1.465100480000000,\xDC,,
1.465195840000000,U,,
1.465291200000000,\xDC,,
1.465386560000000,\xC5,,
1.465481920000000,\xDC,,
1.465577280000000,\xD5,,
1.465672800000000,\xDC,,
1.465768160000000,U,,
1.465863520000000,\xDC,,
1.465958880000000,\x05,,
1.466054240000000,\xDC,,
1.466149760000000,\x05,,
1.466245120000000,\x94,,
1.466340480000000,\xEC,,
1.467383360000000, ,,
1.467478720000000,@,,
1.467574080000000,\xD5,,
1.467669440000000,\xC5,,
1.467764960000000,\xEB,,
1.467860320000000,\xD5,,
1.467955680000000,E,,
1.468051040000000,U,,
1.468146400000000,\xA8,,
1.468241920000000,\xC5,,
1.468337280000000,\xDC,,
1.468432640000000,\xD5,,
1.468528000000000,\xDC,,
1.468623360000000,U,,
1.468718720000000,\xDC,,
1.468814240000000,\xC5,,
1.468909600000000,\xDC,,
1.469004960000000,\xD5,,
1.469100320000000,\xDC,,
1.469195680000000,U,,
1.469291200000000,\xDC,,
1.469386560000000,\xC5,,
1.469481920000000,\xDC,,
1.469577280000000,\xD5,,
1.469672640000000,\xDC,,
1.469768000000000,U,,
1.469863520000000,\xDC,,
1.469958880000000,\x05,,
1.470054240000000,\xDC,,
1.470149600000000,\x05,,
1.470244960000000,\x94,,
1.470340480000000,\xEC,,
1.471383360000000, ,,
1.471478720000000,@,,
1.471574080000000,\xD5,,
1.471669440000000,\xC5,,
1.471764800000000,\xEB,,
1.471860160000000,\xD5,,
1.471955680000000,E,,
1.472051040000000,U,,
1.472146400000000,\xA8,,
1.472241760000000,\xC5,,
1.472337120000000,\xDC,,
1.472432640000000,\xD5,,
1.472528000000000,\xDC,,
1.472623360000000,U,,
1.472718720000000,\xDC,,
1.472814080000000,\xC5,,
1.472909440000000,\xDC,,
1.473004960000000,\xD5,,
1.473100320000000,\xDC,,
1.473195680000000,U,,
1.473291040000000,\xDC,,
1.473386400000000,\xC5,,
1.473481760000000,\xDC,,
1.473577280000000,\xD5,,
1.473672640000000,\xDC,,
1.473768000000000,U,,
1.473863360000000,\xDC,,
1.473958720000000,\x05,,
1.474054240000000,\xDC,,
1.474149600000000,\x05,,
1.474244960000000,\x94,,
1.474340320000000,\xEC,,
1.475383200000000, ,,
1.475478560000000,@,,
1.475574080000000,\xD5,,
1.475669440000000,\xC5,,
1.475764800000000,\xEB,,
1.475860160000000,\xD5,,
1.475955520000000,E,,
1.476050880000000,U,,
1.476146400000000,\xA8,,
1.476241760000000,\xC5,,
1.476337120000000,\xDC,,
1.476432480000000,\xD5,,
1.476527840000000,\xDC,,
1.476623360000000,U,,
1.476718720000000,\xDC,,
1.476814080000000,\xC5,,
1.476909440000000,\xDC,,
1.477004800000000,\xD5,,
1.477100320000000,\xDC,,
1.477195680000000,U,,
1.477291040000000,\xDC,,
1.477386400000000,\xC5,,
1.477481760000000,\xDC,,
1.477577120000000,\xD5,,
1.477672640000000,\xDC,,
1.477768000000000,U,,
1.477863360000000,\xDC,,
1.477958720000000,\x05,,
1.478054080000000,\xDC,,
1.478149600000000,\x05,,
1.478244960000000,\x94,,
1.478340320000000,\xEC,,
1.479383200000000, ,,
1.479478560000000,@,,
1.479573920000000,\xD5,,
1.479669280000000,\xC5,,
1.479764640000000,\xEB,,
1.479860160000000,\xD5,,
1.479955520000000,E,,
1.480050880000000,U,,
1.480146240000000,\xA8,,
1.480241600000000,\xC5,,
1.480337120000000,\xDC,,
1.480432480000000,\xD5,,
1.480527840000000,\xDC,,
1.480623200000000,U,,
1.480718560000000,\xDC,,
1.480813920000000,\xC5,,
1.480909440000000,\xDC,,
1.481004800000000,\xD5,,
1.481100160000000,\xDC,,
1.481195520000000,U,,
1.481290880000000,\xDC,,
1.481386400000000,\xC5,,
1.481481760000000,\xDC,,
1.481577120000000,\xD5,,
1.481672480000000,\xDC,,
1.481767840000000,U,,
1.481863200000000,\xDC,,
1.481958720000000,\x05,,
1.482054080000000,\xDC,,
1.482149440000000,\x05,,
1.482244800000000,\x94,,
1.482340160000000,\xEC,,
1.483383200000000, ,,
1.483478560000000,@,,
1.483573920000000,\xD5,,
1.483669280000000,\xC5,,
1.483764640000000,\xEB,,
1.483860000000000,\xD5,,
1.483955520000000,E,,
1.484050880000000,U,,
1.484146240000000,\xA8,,
1.484241600000000,\xC5,,
1.484336960000000,\xDC,,
1.484432480000000,\xD5,,
1.484527840000000,\xDC,,
1.484623200000000,U,,
1.484718560000000,\xDC,,
1.484813920000000,\xC5,,
1.484909280000000,\xDC,,
1.485004800000000,\xD5,,
1.485100160000000,\xDC,,
1.485195520000000,U,,
1.485290880000000,\xDC,,
1.485386240000000,\xC5,,
1.485481760000000,\xDC,,
1.485577120000000,\xD5,,
1.485672480000000,\xDC,,
1.485767840000000,U,,
1.485863200000000,\xDC,,
1.485958560000000,\x05,,
1.486054080000000,\xDC,,
1.486149440000000,\x05,,
1.486244800000000,\x94,,
1.486340160000000,\xEC,,
1.487393440000000, ,,
1.487488800000000,@,,
1.487584160000000,\xD5,,
1.487679680000000,\xC5,,
1.487775040000000,\xEB,,
1.487870400000000,\xD5,,
1.487965760000000,E,,
1.488061120000000,U,,
1.488156640000000,\xA8,,
1.488252000000000,\xC5,,
1.488347360000000,\xDC,,
1.488442720000000,\xD5,,
1.488538080000000,\xDC,,
1.488633440000000,U,,
1.488728960000000,\xDC,,
1.488824320000000,\xC5,,
1.488919680000000,\xDC,,
1.489015040000000,\xD5,,
1.489110400000000,\xDC,,
1.489205920000000,U,,
1.489301280000000,\xDC,,
1.489396640000000,\xC5,,
1.489492000000000,\xDC,,
1.489587360000000,\xD5,,
1.489682880000000,\xDC,,
1.489778240000000,U,,
1.489873600000000,\xDC,,
1.489968960000000,\x05,,
1.490064320000000,\xDC,,
1.490159680000000,\x05,,
1.490255200000000,\x94,,
1.490350560000000,\xEC,,
1.491384480000000, ,,
1.491479840000000,@,,
1.491575200000000,\xD5,,
1.491670560000000,\xC5,,
1.491766080000000,\xEB,,
1.491861440000000,\xD5,,
1.491956800000000,E,,
1.492052160000000,U,,
1.492147520000000,\xA8,,
1.492242880000000,\xC5,,
1.492338400000000,\xDC,,
1.492433760000000,\xD5,,
1.492529120000000,\xDC,,
1.492624480000000,U,,
1.492719840000000,\xDC,,
1.492815360000000,\xC5,,
1.492910720000000,\xDC,,
1.493006080000000,\xD5,,
1.493101440000000,\xDC,,
1.493196800000000,U,,
1.493292160000000,\xDC,,
1.493387680000000,\xC5,,
1.493483040000000,\xDC,,
1.493578400000000,\xD5,,
1.493673760000000,\xDC,,
1.493769120000000,U,,
1.493864480000000,\xDC,,
1.493960000000000,\x05,,
1.494055360000000,\xDC,,
1.494150720000000,\x05,,
1.494246080000000,\x94,,
1.494341440000000,\xEC,,
1.495391200000000, ,,
1.495486560000000,@,,
1.495581920000000,\xD5,,
1.495677280000000,\xC5,,
1.495772800000000,\xEB,,
1.495868160000000,\xD5,,
1.495963520000000,E,,
1.496058880000000,U,,
1.496154240000000,\xA8,,
1.496249760000000,\xC5,,
1.496345120000000,\xDC,,
1.496440480000000,\xD5,,
1.496535840000000,\xDC,,
1.496631200000000,U,,
1.496726560000000,\xDC,,
1.496822080000000,\xC5,,
1.496917440000000,\xDC,,
1.497012800000000,\xD5,,
1.497108160000000,\xDC,,
1.497203520000000,U,,
1.497298880000000,\xDC,,
1.497394400000000,\xC5,,
1.497489760000000,\xDC,,
1.497585120000000,\xD5,,
1.497680480000000,\xDC,,
1.497775840000000,U,,
1.497871360000000,\xDC,,
1.497966720000000,\x05,,
1.498062080000000,\xDC,,
1.498157440000000,\x05,,
1.498252800000000,\x94,,
1.498348160000000,\xEC,,
1.499405920000000, ,,
1.499501280000000,@,,
1.499596640000000,\xD5,,
1.499692160000000,\xC5,,
1.499787520000000,\xEB,,
1.499882880000000,\xD5,,
1.499978240000000,E,,
1.500073600000000,U,,
1.500169120000000,\xA8,,
1.500264480000000,\xC5,,
1.500359840000000,\xDC,,
1.500455200000000,\xD5,,
1.500550560000000,\xDC,,
1.500645920000000,U,,
1.500741440000000,\xDC,,
1.500836800000000,\xC5,,
1.500932160000000,\xDC,,
1.501027520000000,\xD5,,
1.501122880000000,\xDC,,
1.501218400000000,U,,
1.501313760000000,\xDC,,
1.501409120000000,\xC5,,
1.501504480000000,\xDC,,
1.501599840000000,\xD5,,
1.501695200000000,\xDC,,
1.501790720000000,U,,
1.501886080000000,\xDC,,
1.501981440000000,\x05,,
1.502076800000000,\xDC,,
1.502172160000000,\x05,,
1.502267520000000,\x94,,
1.502363040000000,\xEC,,
1.503382720000000, ,,
1.503478080000000,@,,
1.503573440000000,\xD5,,
1.503668960000000,\xC5,,
1.503764320000000,\xEB,,
1.503859680000000,\xD5,,
1.503955040000000,E,,
1.504050400000000,U,,
1.504145920000000,\xA8,,
1.504241280000000,\xC5,,
1.504336640000000,\xDC,,
1.504432000000000,\xD5,,
1.504527360000000,\xDC,,
1.504622720000000,U,,
1.504718240000000,\xDC,,
1.504813600000000,\xC5,,
1.504908960000000,\xDC,,
1.505004320000000,\xD5,,
1.505099680000000,\xDC,,
1.505195200000000,U,,
1.505290560000000,\xDC,,
1.505385920000000,\xC5,,
1.505481280000000,\xDC,,
1.505576640000000,\xD5,,
1.505672000000000,\xDC,,
1.505767520000000,U,,
1.505862880000000,\xDC,,
1.505958240000000,\x05,,
1.506053600000000,\xDC,,
1.506148960000000,\x05,,
1.506244480000000,\x94,,
1.506339840000000,\xEC,,
1.507382720000000, ,,
1.507478080000000,@,,
1.507573440000000,\xD5,,
1.507668800000000,\xC5,,
1.507764160000000,\xEB,,
1.507859520000000,\xD5,,
1.507955040000000,E,,
1.508050400000000,U,,
1.508145760000000,\xA8,,
1.508241120000000,\xC5,,
1.508336480000000,\xDC,,
1.508431840000000,\xD5,,
1.508527360000000,\xDC,,
1.508622720000000,U,,
1.508718080000000,\xDC,,
1.508813440000000,\xC5,,
1.508908800000000,\xDC,,
1.509004320000000,\xD5,,
1.509099680000000,\xDC,,
1.509195040000000,U,,
1.509290400000000,\xDC,,
1.509385760000000,\xC5,,
1.509481120000000,\xDC,,
1.509576640000000,\xD5,,
1.509672000000000,\xDC,,
1.509767360000000,U,,
1.509862720000000,\xDC,,
1.509958080000000,\x05,,
1.510053600000000,\xDC,,
1.510148960000000,\x05,,
1.510244320000000,\x94,,
1.510339680000000,\xEC,,
1.511401600000000, ,,
1.511496960000000,@,,
1.511592320000000,\xD5,,
1.511687840000000,\xC5,,
1.511783200000000,\xEB,,
1.511878560000000,\xD5,,
1.511973920000000,E,,
1.512069280000000,U,,
1.512164800000000,\xA8,,
1.512260160000000,\xC5,,
1.512355520000000,\xDC,,
1.512450880000000,\xD5,,
1.512546240000000,\xDC,,
1.512641600000000,U,,
1.512737120000000,\xDC,,
1.512832480000000,\xC5,,
1.512927840000000,\xDC,,
1.513023200000000,\xD5,,
1.513118560000000,\xDC,,
1.513214080000000,U,,
1.513309440000000,\xDC,,
1.513404800000000,\xC5,,
1.513500160000000,\xDC,,
1.513595520000000,\xD5,,
1.513690880000000,\xDC,,
1.513786400000000,U,,
1.513881760000000,\xDC,,
1.513977120000000,\x05,,
1.514072480000000,\xDC,,
1.514167840000000,\x05,,
1.514263200000000,\x94,,
1.514358720000000,\xEC,,
1.515382560000000, ,,
1.515477920000000,@,,
1.515573280000000,\xD5,,
1.515668640000000,\xC5,,
1.515764000000000,\xEB,,
1.515859520000000,\xD5,,
1.515954880000000,E,,
1.516050240000000,U,,
1.516145600000000,\xA8,,
1.516240960000000,\xC5,,
1.516336320000000,\xDC,,
1.516431840000000,\xD5,,
1.516527200000000,\xDC,,
1.516622560000000,U,,
1.516717920000000,\xDC,,
1.516813280000000,\xC5,,
1.516908800000000,\xDC,,
1.517004160000000,\xD5,,
1.517099520000000,\xDC,,
1.517194880000000,U,,
1.517290240000000,\xDC,,
1.517385600000000,\xC5,,
1.517481120000000,\xDC,,
1.517576480000000,\xD5,,
1.517671840000000,\xDC,,
1.517767200000000,U,,
1.517862560000000,\xDC,,
1.517958080000000,\x05,,
1.518053440000000,\xDC,,
1.518148800000000,\x05,,
1.518244160000000,\x94,,
1.518339520000000,\xEC,,
1.519382400000000, ,,
1.519477920000000,@,,
1.519573280000000,\xD5,,
1.519668640000000,\xC5,,
1.519764000000000,\xEB,,
1.519859360000000,\xD5,,
1.519954720000000,E,,
1.520050240000000,U,,
1.520145600000000,\xA8,,
1.520240960000000,\xC5,,
1.520336320000000,\xDC,,
1.520431680000000,\xD5,,
1.520527200000000,\xDC,,
1.520622560000000,U,,
1.520717920000000,\xDC,,
1.520813280000000,\xC5,,
1.520908640000000,\xDC,,
1.521004160000000,\xD5,,
1.521099520000000,\xDC,,
1.521194880000000,U,,
1.521290240000000,\xDC,,
1.521385600000000,\xC5,,
1.521480960000000,\xDC,,
1.521576480000000,\xD5,,
1.521671840000000,\xDC,,
1.521767200000000,U,,
1.521862560000000,\xDC,,
1.521957920000000,\x05,,
1.522053440000000,\xDC,,
1.522148800000000,\x05,,
1.522244160000000,\x94,,
1.522339520000000,\xEC,,
1.523382400000000, ,,
1.523477760000000,@,,
1.523573280000000,\xD5,,
1.523668640000000,\xC5,,
1.523764000000000,\xEB,,
1.523859360000000,\xD5,,
1.523954720000000,E,,
1.524050080000000,U,,
1.524145600000000,\xA8,,
1.524240960000000,\xC5,,
1.524336320000000,\xDC,,
1.524431680000000,\xD5,,
1.524527040000000,\xDC,,
1.524622400000000,U,,
1.524717920000000,\xDC,,
1.524813280000000,\xC5,,
1.524908640000000,\xDC,,
1.525004000000000,\xD5,,
1.525099360000000,\xDC,,
1.525194880000000,U,,
1.525290240000000,\xDC,,
1.525385600000000,\xC5,,
1.525480960000000,\xDC,,
1.525576320000000,\xD5,,
1.525671680000000,\xDC,,
1.525767200000000,U,,
1.525862560000000,\xDC,,
1.525957920000000,\x05,,
1.526053280000000,\xDC,,
1.526148640000000,\x05,,
1.526244160000000,\x94,,
1.526339520000000,\xEC,,
1.527382240000000, ,,
1.527477600000000,@,,
1.527573120000000,\xD5,,
1.527668480000000,\xC5,,
1.527763840000000,\xEB,,
1.527859200000000,\xD5,,
1.527954560000000,E,,
1.528050080000000,U,,
1.528145440000000,\xA8,,
1.528240800000000,\xC5,,
1.528336160000000,\xDC,,
1.528431520000000,\xD5,,
1.528526880000000,\xDC,,
1.528622400000000,U,,
1.528717760000000,\xDC,,
1.528813120000000,\xC5,,
1.528908480000000,\xDC,,
1.529003840000000,\xD5,,
1.529099360000000,\xDC,,
1.529194720000000,U,,
1.529290080000000,\xDC,,
1.529385440000000,\xC5,,
1.529480800000000,\xDC,,
1.529576160000000,\xD5,,
1.529671680000000,\xDC,,
1.529767040000000,U,,
1.529862400000000,\xDC,,
1.529957760000000,\x05,,
1.530053120000000,\xDC,,
1.530148640000000,\x05,,
1.530244000000000,\x94,,
1.530339360000000,\xEC,,
1.531382240000000, ,,
1.531477760000000,@,,
1.531573120000000,\xD5,,
1.531668480000000,\xC5,,
1.531763840000000,\xEB,,
1.531859200000000,\xD5,,
1.531954560000000,E,,
1.532050080000000,U,,
1.532145440000000,\xA8,,
1.532240800000000,\xC5,,
1.532336160000000,\xDC,,
1.532431520000000,\xD5,,
1.532526880000000,\xDC,,
1.532622400000000,U,,
1.532717760000000,\xDC,,
1.532813120000000,\xC5,,
1.532908480000000,\xDC,,
1.533003840000000,\xD5,,
1.533099360000000,\xDC,,
1.533194720000000,U,,
1.533290080000000,\xDC,,
1.533385440000000,\xC5,,
1.533480800000000,\xDC,,
1.533576160000000,\xD5,,
1.533671680000000,\xDC,,
1.533767040000000,U,,
1.533862400000000,\xDC,,
1.533957760000000,\x05,,
1.534053120000000,\xDC,,
1.534148640000000,\x05,,
1.534244000000000,\x94,,
1.534339360000000,\xEC,,
1.535382240000000, ,,
1.535477600000000,@,,
1.535572960000000,\xD5,,
1.535668320000000,\xC5,,
1.535763680000000,\xEB,,
1.535859200000000,\xD5,,
1.535954560000000,E,,
1.536049920000000,U,,
1.536145280000000,\xA8,,
1.536240640000000,\xC5,,
1.536336000000000,\xDC,,
1.536431520000000,\xD5,,
1.536526880000000,\xDC,,
1.536622240000000,U,,
1.536717600000000,\xDC,,
1.536812960000000,\xC5,,
1.536908480000000,\xDC,,
1.537003840000000,\xD5,,
1.537099200000000,\xDC,,
1.537194560000000,U,,
1.537289920000000,\xDC,,
1.537385280000000,\xC5,,
1.537480800000000,\xDC,,
1.537576160000000,\xD5,,
1.537671520000000,\xDC,,
1.537766880000000,U,,
1.537862240000000,\xDC,,
1.537957760000000,\x05,,
1.538053120000000,\xDC,,
1.538148480000000,\x05,,
1.538243840000000,\x94,,
1.538339200000000,\xEC,,
1.539383520000000, ,,
1.539478880000000,@,,
1.539574240000000,\xD5,,
1.539669760000000,\xC5,,
1.539765120000000,\xEB,,
1.539860480000000,\xD5,,
1.539955840000000,E,,
1.540051200000000,U,,
1.540146720000000,\xA8,,
1.540242080000000,\xC5,,
1.540337440000000,\xDC,,
1.540432800000000,\xD5,,
1.540528160000000,\xDC,,
1.540623520000000,U,,
1.540719040000000,\xDC,,
1.540814400000000,\xC5,,
1.540909760000000,\xDC,,
1.541005120000000,\xD5,,
1.541100480000000,\xDC,,
1.541196000000000,U,,
1.541291360000000,\xDC,,
1.541386720000000,\xC5,,
1.541482080000000,\xDC,,
1.541577440000000,\xD5,,
1.541672800000000,\xDC,,
1.541768320000000,U,,
1.541863680000000,\xDC,,
1.541959040000000,\x05,,
1.542054400000000,\xDC,,
1.542149760000000,\x05,,
1.542245280000000,\x94,,
1.542340640000000,\xEC,,
1.543383520000000, ,,
1.543478880000000,@,,
1.543574240000000,\xD5,,
1.543669600000000,\xC5,,
1.543765120000000,\xEB,,
1.543860480000000,\xD5,,
1.543955840000000,E,,
1.544051200000000,U,,
1.544146560000000,\xA8,,
1.544242080000000,\xC5,,
1.544337440000000,\xDC,,
1.544432800000000,\xD5,,
1.544528160000000,\xDC,,
1.544623520000000,U,,
1.544718880000000,\xDC,,
1.544814400000000,\xC5,,
1.544909760000000,\xDC,,
1.545005120000000,\xD5,,
1.545100480000000,\xDC,,
1.545195840000000,U,,
1.545291360000000,\xDC,,
1.545386720000000,\xC5,,
1.545482080000000,\xDC,,
1.545577440000000,\xD5,,
1.545672800000000,\xDC,,
1.545768160000000,U,,
1.545863680000000,\xDC,,
1.545959040000000,\x05,,
1.546054400000000,\xDC,,
1.546149760000000,\x05,,
1.546245120000000,\x94,,
1.546340640000000,\xEC,,
1.547388640000000, ,,
1.547484000000000,@,,
1.547579520000000,\xD5,,
1.547674880000000,\xC5,,
1.547770240000000,\xEB,,
1.547865600000000,\xD5,,
1.547960960000000,E,,
1.548056320000000,U,,
1.548151840000000,\xA8,,
1.548247200000000,\xC5,,
1.548342560000000,\xDC,,
1.548437920000000,\xD5,,
1.548533280000000,\xDC,,
1.548628800000000,U,,
1.548724160000000,\xDC,,
1.548819520000000,\xC5,,
1.548914880000000,\xDC,,
1.549010240000000,\xD5,,
1.549105760000000,\xDC,,
1.549201120000000,U,,
1.549296480000000,\xDC,,
1.549391840000000,\xC5,,
1.549487200000000,\xDC,,
1.549582560000000,\xD5,,
1.549678080000000,\xDC,,
1.549773440000000,U,,
1.549868800000000,\xDC,,
1.549964160000000,\x05,,
1.550059520000000,\xDC,,
1.550155040000000,\x05,,
1.550250400000000,\x94,,
1.550345760000000,\xEC,,
1.551381920000000, ,,
1.551477280000000,@,,
1.551572640000000,\xD5,,
1.551668000000000,\xC5,,
1.551763360000000,\xEB,,
1.551858880000000,\xD5,,
1.551954240000000,E,,
1.552049600000000,U,,
1.552144960000000,\xA8,,
1.552240320000000,\xC5,,
1.552335680000000,\xDC,,
1.552431200000000,\xD5,,
1.552526560000000,\xDC,,
1.552621920000000,U,,
1.552717280000000,\xDC,,
1.552812640000000,\xC5,,
1.552908160000000,\xDC,,
1.553003520000000,\xD5,,
1.553098880000000,\xDC,,
1.553194240000000,U,,
1.553289600000000,\xDC,,
1.553384960000000,\xC5,,
1.553480480000000,\xDC,,
1.553575840000000,\xD5,,
1.553671200000000,\xDC,,
1.553766560000000,U,,
1.553861920000000,\xDC,,
1.553957440000000,\x05,,
1.554052800000000,\xDC,,
1.554148160000000,\x05,,
1.554243520000000,\x94,,
1.554338880000000,\xEC,,
1.555381760000000, ,,
1.555477280000000,@,,
1.555572640000000,\xD5,,
1.555668000000000,\xC5,,
1.555763360000000,\xEB,,
1.555858720000000,\xD5,,
1.555954080000000,E,,
1.556049600000000,U,,
1.556144960000000,\xA8,,
1.556240320000000,\xC5,,
1.556335680000000,\xDC,,
1.556431040000000,\xD5,,
1.556526560000000,\xDC,,
1.556621920000000,U,,
1.556717280000000,\xDC,,
1.556812640000000,\xC5,,
1.556908000000000,\xDC,,
1.557003360000000,\xD5,,
1.557098880000000,\xDC,,
1.557194240000000,U,,
1.557289600000000,\xDC,,
1.557384960000000,\xC5,,
1.557480320000000,\xDC,,
1.557575840000000,\xD5,,
1.557671200000000,\xDC,,
1.557766560000000,U,,
1.557861920000000,\xDC,,
1.557957280000000,\x05,,
1.558052640000000,\xDC,,
1.558148160000000,\x05,,
1.558243520000000,\x94,,
1.558338880000000,\xEC,,
1.559394720000000, ,,
1.559490080000000,@,,
1.559585440000000,\xD5,,
1.559680960000000,\xC5,,
1.559776320000000,\xEB,,
1.559871680000000,\xD5,,
1.559967040000000,E,,
1.560062400000000,U,,
1.560157760000000,\xA8,,
1.560253280000000,\xC5,,
1.560348640000000,\xDC,,
1.560444000000000,\xD5,,
1.560539360000000,\xDC,,
1.560634720000000,U,,
1.560730080000000,\xDC,,
1.560825600000000,\xC5,,
1.560920960000000,\xDC,,
1.561016320000000,\xD5,,
1.561111680000000,\xDC,,
1.561207040000000,U,,
1.561302560000000,\xDC,,
1.561397920000000,\xC5,,
1.561493280000000,\xDC,,
1.561588640000000,\xD5,,
1.561684000000000,\xDC,,
1.561779360000000,U,,
1.561874880000000,\xDC,,
1.561970240000000,\x05,,
1.562065600000000,\xDC,,
1.562160960000000,\x05,,
1.562256320000000,\x94,,
1.562351840000000,\xEC,,
1.563381600000000, ,,
1.563477120000000,@,,
1.563572480000000,\xD5,,
1.563667840000000,\xC5,,
1.563763200000000,\xEB,,
1.563858560000000,\xD5,,
1.563954080000000,E,,
1.564049440000000,U,,
1.564144800000000,\xA8,,
1.564240160000000,\xC5,,
1.564335520000000,\xDC,,
1.564430880000000,\xD5,,
1.564526400000000,\xDC,,
1.564621760000000,U,,
1.564717120000000,\xDC,,
1.564812480000000,\xC5,,
1.564907840000000,\xDC,,
1.565003360000000,\xD5,,
1.565098720000000,\xDC,,
1.565194080000000,U,,
1.565289440000000,\xDC,,
1.565384800000000,\xC5,,
1.565480160000000,\xDC,,
1.565575680000000,\xD5,,
1.565671040000000,\xDC,,
1.565766400000000,U,,
1.565861760000000,\xDC,,
1.565957120000000,\x05,,
1.566052480000000,\xDC,,
1.566148000000000,\x05,,
1.566243360000000,\x94,,
1.566338720000000,\xEC,,
1.567381600000000, ,,
1.567476960000000,@,,
1.567572480000000,\xD5,,
1.567667840000000,\xC5,,
1.567763200000000,\xEB,,
1.567858560000000,\xD5,,
1.567953920000000,E,,
1.568049280000000,U,,
1.568144800000000,\xA8,,
1.568240160000000,\xC5,,
1.568335520000000,\xDC,,
1.568430880000000,\xD5,,
1.568526240000000,\xDC,,
1.568621760000000,U,,
1.568717120000000,\xDC,,
1.568812480000000,\xC5,,
1.568907840000000,\xDC,,
1.569003200000000,\xD5,,
1.569098560000000,\xDC,,
1.569194080000000,U,,
1.569289440000000,\xDC,,
1.569384800000000,\xC5,,
1.569480160000000,\xDC,,
1.569575520000000,\xD5,,
1.569671040000000,\xDC,,
1.569766400000000,U,,
1.569861760000000,\xDC,,
1.569957120000000,\x05,,
1.570052480000000,\xDC,,
1.570147840000000,\x05,,
1.570243360000000,\x94,,
1.570338720000000,\xEC,,
1.571381600000000, ,,
1.571476960000000,@,,
1.571572320000000,\xD5,,
1.571667680000000,\xC5,,
1.571763200000000,\xEB,,
1.571858560000000,\xD5,,
1.571953920000000,E,,
1.572049280000000,U,,
1.572144640000000,\xA8,,
1.572240000000000,\xC5,,
1.572335520000000,\xDC,,
1.572430880000000,\xD5,,
1.572526240000000,\xDC,,
1.572621600000000,U,,
1.572716960000000,\xDC,,
1.572812320000000,\xC5,,
1.572907840000000,\xDC,,
1.573003200000000,\xD5,,
1.573098560000000,\xDC,,
1.573193920000000,U,,
1.573289280000000,\xDC,,
1.573384800000000,\xC5,,
1.573480160000000,\xDC,,
1.573575520000000,\xD5,,
1.573670880000000,\xDC,,
1.573766240000000,U,,
1.573861600000000,\xDC,,
1.573957120000000,\x05,,
1.574052480000000,\xDC,,
1.574147840000000,\x05,,
1.574243200000000,\x94,,
1.574338560000000,\xEC,,
1.575381440000000, ,,
1.575476800000000,@,,
1.575572160000000,\xD5,,
1.575667680000000,\xC5,,
1.575763040000000,\xEB,,
1.575858400000000,\xD5,,
1.575953760000000,E,,
1.576049120000000,U,,
1.576144480000000,\xA8,,
1.576240000000000,\xC5,,
1.576335360000000,\xDC,,
1.576430720000000,\xD5,,
1.576526080000000,\xDC,,
1.576621440000000,U,,
1.576716960000000,\xDC,,
1.576812320000000,\xC5,,
1.576907680000000,\xDC,,
1.577003040000000,\xD5,,
1.577098400000000,\xDC,,
1.577193760000000,U,,
1.577289280000000,\xDC,,
1.577384640000000,\xC5,,
1.577480000000000,\xDC,,
1.577575360000000,\xD5,,
1.577670720000000,\xDC,,
1.577766240000000,U,,
1.577861600000000,\xDC,,
1.577956960000000,\x05,,
1.578052320000000,\xDC,,
1.578147680000000,\x05,,
1.578243040000000,\x94,,
1.578338560000000,\xEC,,
1.579381440000000, ,,
1.579476800000000,@,,
1.579572160000000,\xD5,,
1.579667680000000,\xC5,,
1.579763040000000,\xEB,,
1.579858400000000,\xD5,,
1.579953760000000,E,,
1.580049120000000,U,,
1.580144640000000,\xA8,,
1.580240000000000,\xC5,,
1.580335360000000,\xDC,,
1.580430720000000,\xD5,,
1.580526080000000,\xDC,,
1.580621440000000,U,,
1.580716960000000,\xDC,,
1.580812320000000,\xC5,,
1.580907680000000,\xDC,,
1.581003040000000,\xD5,,
1.581098400000000,\xDC,,
1.581193760000000,U,,
1.581289280000000,\xDC,,
1.581384640000000,\xC5,,
1.581480000000000,\xDC,,
1.581575360000000,\xD5,,
1.581670720000000,\xDC,,
1.581766240000000,U,,
1.581861600000000,\xDC,,
1.581956960000000,\x05,,
1.582052320000000,\xDC,,
1.582147680000000,\x05,,
1.582243040000000,\x94,,
1.582338560000000,\xEC,,
1.583381280000000, ,,
1.583476640000000,@,,
1.583572160000000,\xD5,,
1.583667520000000,\xC5,,
1.583762880000000,\xEB,,
1.583858240000000,\xD5,,
1.583953600000000,E,,
1.584049120000000,U,,
1.584144480000000,\xA8,,
1.584239840000000,\xC5,,
1.584335200000000,\xDC,,
1.584430560000000,\xD5,,
1.584525920000000,\xDC,,
1.584621440000000,U,,
1.584716800000000,\xDC,,
1.584812160000000,\xC5,,
1.584907520000000,\xDC,,
1.585002880000000,\xD5,,
1.585098240000000,\xDC,,
1.585193760000000,U,,
1.585289120000000,\xDC,,
1.585384480000000,\xC5,,
1.585479840000000,\xDC,,
1.585575200000000,\xD5,,
1.585670720000000,\xDC,,
1.585766080000000,U,,
1.585861440000000,\xDC,,
1.585956800000000,\x05,,
1.586052160000000,\xDC,,
1.586147520000000,\x05,,
1.586243040000000,\x94,,
1.586338400000000,\xEC,,
1.587381280000000, ,,
1.587476640000000,@,,
1.587572000000000,\xD5,,
1.587667360000000,\xC5,,
1.587762880000000,\xEB,,
1.587858240000000,\xD5,,
1.587953600000000,E,,
1.588048960000000,U,,
1.588144320000000,\xA8,,
1.588239680000000,\xC5,,
1.588335200000000,\xDC,,
1.588430560000000,\xD5,,
1.588525920000000,\xDC,,
1.588621280000000,U,,
1.588716640000000,\xDC,,
1.588812160000000,\xC5,,
1.588907520000000,\xDC,,
1.589002880000000,\xD5,,
1.589098240000000,\xDC,,
1.589193600000000,U,,
1.589288960000000,\xDC,,
1.589384480000000,\xC5,,
1.589479840000000,\xDC,,
1.589575200000000,\xD5,,
1.589670560000000,\xDC,,
1.589765920000000,U,,
1.589861440000000,\xDC,,
1.589956800000000,\x05,,
1.590052160000000,\xDC,,
1.590147520000000,\x05,,
1.590242880000000,\x94,,
1.590338240000000,\xEC,,
1.591381120000000, ,,
1.591476640000000,@,,
1.591572000000000,\xD5,,
1.591667360000000,\xC5,,
1.591762720000000,\xEB,,
1.591858080000000,\xD5,,
1.591953440000000,E,,
1.592048960000000,U,,
1.592144320000000,\xA8,,
1.592239680000000,\xC5,,
1.592335040000000,\xDC,,
1.592430400000000,\xD5,,
1.592525920000000,\xDC,,
1.592621280000000,U,,
1.592716640000000,\xDC,,
1.592812000000000,\xC5,,
1.592907360000000,\xDC,,
1.593002720000000,\xD5,,
1.593098240000000,\xDC,,
1.593193600000000,U,,
1.593288960000000,\xDC,,
1.593384320000000,\xC5,,
1.593479680000000,\xDC,,
1.593575200000000,\xD5,,
1.593670560000000,\xDC,,
1.593765920000000,U,,
1.593861280000000,\xDC,,
1.593956640000000,\x05,,
1.594052160000000,\xDC,,
1.594147520000000,\x05,,
1.594242880000000,\x94,,
1.594338240000000,\xEC,,
1.595389440000000, ,,
1.595484800000000,@,,
1.595580320000000,\xD5,,
1.595675680000000,\xC5,,
1.595771040000000,\xEB,,
1.595866400000000,\xD5,,
1.595961760000000,E,,
1.596057120000000,U,,
1.596152640000000,\xA8,,
1.596248000000000,\xC5,,
1.596343360000000,\xDC,,
1.596438720000000,\xD5,,
1.596534080000000,\xDC,,
1.596629600000000,U,,
1.596724960000000,\xDC,,
1.596820320000000,\xC5,,
1.596915680000000,\xDC,,
1.597011040000000,\xD5,,
1.597106400000000,\xDC,,
1.597201920000000,U,,
1.597297280000000,\xDC,,
1.597392640000000,\xC5,,
1.597488000000000,\xDC,,
1.597583360000000,\xD5,,
1.597678880000000,\xDC,,
1.597774240000000,U,,
1.597869600000000,\xDC,,
1.597964960000000,\x05,,
1.598060320000000,\xDC,,
1.598155680000000,\x05,,
1.598251200000000,\x94,,
1.598346560000000,\xEC,,
1.599381120000000, ,,
1.599476480000000,@,,
1.599571840000000,\xD5,,
1.599667200000000,\xC5,,
1.599762560000000,\xEB,,
1.599858080000000,\xD5,,
1.599953440000000,E,,
1.600048800000000,U,,
1.600144160000000,\xA8,,
1.600239520000000,\xC5,,
1.600334880000000,\xDC,,
1.600430400000000,\xD5,,
1.600525760000000,\xDC,,
1.600621120000000,U,,
1.600716480000000,\xDC,,
1.600811840000000,\xC5,,
1.600907360000000,\xDC,,
1.601002720000000,\xD5,,
1.601098080000000,\xDC,,
1.601193440000000,U,,
1.601288800000000,\xDC,,
1.601384160000000,\xC5,,
1.601479680000000,\xDC,,
1.601575040000000,\xD5,,
1.601670400000000,\xDC,,
1.601765760000000,U,,
1.601861120000000,\xDC,,
1.601956480000000,\x05,,
1.602052000000000,\xDC,,
1.602147360000000,\x05,,
1.602242720000000,\x94,,
1.602338080000000,\xEC,,
1.603380960000000, ,,
1.603476320000000,@,,
1.603571680000000,\xD5,,
1.603667200000000,\xC5,,
1.603762560000000,\xEB,,
1.603857920000000,\xD5,,
1.603953280000000,E,,
1.604048640000000,U,,
1.604144160000000,\xA8,,
1.604239520000000,\xC5,,
1.604334880000000,\xDC,,
1.604430240000000,\xD5,,
1.604525600000000,\xDC,,
1.604620960000000,U,,
1.604716480000000,\xDC,,
1.604811840000000,\xC5,,
1.604907200000000,\xDC,,
1.605002560000000,\xD5,,
1.605097920000000,\xDC,,
1.605193440000000,U,,
1.605288800000000,\xDC,,
1.605384160000000,\xC5,,
1.605479520000000,\xDC,,
1.605574880000000,\xD5,,
1.605670240000000,\xDC,,
1.605765760000000,U,,
1.605861120000000,\xDC,,
1.605956480000000,\x05,,
1.606051840000000,\xDC,,
1.606147200000000,\x05,,
1.606242720000000,\x94,,
1.606338080000000,\xEC,,
1.607380960000000, ,,
1.607476320000000,@,,
1.607571680000000,\xD5,,
1.607667040000000,\xC5,,
1.607762400000000,\xEB,,
1.607857920000000,\xD5,,
1.607953280000000,E,,
1.608048640000000,U,,
1.608144000000000,\xA8,,
1.608239360000000,\xC5,,
1.608334720000000,\xDC,,
1.608430240000000,\xD5,,
1.608525600000000,\xDC,,
1.608620960000000,U,,
1.608716320000000,\xDC,,
1.608811680000000,\xC5,,
1.608907200000000,\xDC,,
1.609002560000000,\xD5,,
1.609097920000000,\xDC,,
1.609193280000000,U,,
1.609288640000000,\xDC,,
1.609384000000000,\xC5,,
1.609479520000000,\xDC,,
1.609574880000000,\xD5,,
1.609670240000000,\xDC,,
1.609765600000000,U,,
1.609860960000000,\xDC,,
1.609956320000000,\x05,,
1.610051840000000,\xDC,,
1.610147200000000,\x05,,
1.610242560000000,\x94,,
1.610337920000000,\xEC,,
1.611390880000000, ,,
1.611486240000000,@,,
1.611581600000000,\xD5,,
1.611676960000000,\xC5,,
1.611772320000000,\xEB,,
1.611867840000000,\xD5,,
1.611963200000000,E,,
1.612058560000000,U,,
1.612153920000000,\xA8,,
1.612249280000000,\xC5,,
1.612344640000000,\xDC,,
1.612440160000000,\xD5,,
1.612535520000000,\xDC,,
1.612630880000000,U,,
1.612726240000000,\xDC,,
1.612821600000000,\xC5,,
1.612916960000000,\xDC,,
1.613012480000000,\xD5,,
1.613107840000000,\xDC,,
1.613203200000000,U,,
1.613298560000000,\xDC,,
1.613393920000000,\xC5,,
1.613489440000000,\xDC,,
1.613584800000000,\xD5,,
1.613680160000000,\xDC,,
1.613775520000000,U,,
1.613870880000000,\xDC,,
1.613966240000000,\x05,,
1.614061760000000,\xDC,,
1.614157120000000,\x05,,
1.614252480000000,\x94,,
1.614347840000000,\xEC,,
1.615380800000000, ,,
1.615476160000000,@,,
1.615571520000000,\xD5,,
1.615666880000000,\xC5,,
1.615762240000000,\xEB,,
1.615857760000000,\xD5,,
1.615953120000000,E,,
1.616048480000000,U,,
1.616143840000000,\xA8,,
1.616239200000000,\xC5,,
1.616334720000000,\xDC,,
1.616430080000000,\xD5,,
1.616525440000000,\xDC,,
1.616620800000000,U,,
1.616716160000000,\xDC,,
1.616811520000000,\xC5,,
1.616907040000000,\xDC,,
1.617002400000000,\xD5,,
1.617097760000000,\xDC,,
1.617193120000000,U,,
1.617288480000000,\xDC,,
1.617384000000000,\xC5,,
1.617479360000000,\xDC,,
1.617574720000000,\xD5,,
1.617670080000000,\xDC,,
1.617765440000000,U,,
1.617860960000000,\xDC,,
1.617956320000000,\x05,,
1.618051680000000,\xDC,,
1.618147040000000,\x05,,
1.618242400000000,\x94,,
1.618337760000000,\xEC,,
1.619380640000000, ,,
1.619476160000000,@,,
1.619571520000000,\xD5,,
1.619666880000000,\xC5,,
1.619762240000000,\xEB,,
1.619857600000000,\xD5,,
1.619953120000000,E,,
1.620048480000000,U,,
1.620143840000000,\xA8,,
1.620239200000000,\xC5,,
1.620334560000000,\xDC,,
1.620429920000000,\xD5,,
1.620525440000000,\xDC,,
1.620620800000000,U,,
1.620716160000000,\xDC,,
1.620811520000000,\xC5,,
1.620906880000000,\xDC,,
1.621002240000000,\xD5,,
1.621097760000000,\xDC,,
1.621193120000000,U,,
1.621288480000000,\xDC,,
1.621383840000000,\xC5,,
1.621479200000000,\xDC,,
1.621574720000000,\xD5,,
1.621670080000000,\xDC,,
1.621765440000000,U,,
1.621860800000000,\xDC,,
1.621956160000000,\x05,,
1.622051520000000,\xDC,,
1.622147040000000,\x05,,
1.622242400000000,\x94,,
1.622337760000000,\xEC,,
1.623380640000000, ,,
1.623476000000000,@,,
1.623571360000000,\xD5,,
1.623666720000000,\xC5,,
1.623762240000000,\xEB,,
1.623857600000000,\xD5,,
1.623952960000000,E,,
1.624048320000000,U,,
1.624143680000000,\xA8,,
1.624239040000000,\xC5,,
1.624334560000000,\xDC,,
1.624429920000000,\xD5,,
1.624525280000000,\xDC,,
1.624620640000000,U,,
1.624716000000000,\xDC,,
1.624811520000000,\xC5,,
1.624906880000000,\xDC,,
1.625002240000000,\xD5,,
1.625097600000000,\xDC,,
1.625192960000000,U,,
1.625288320000000,\xDC,,
1.625383840000000,\xC5,,
1.625479200000000,\xDC,,
1.625574560000000,\xD5,,
1.625669920000000,\xDC,,
1.625765280000000,U,,
1.625860640000000,\xDC,,
1.625956160000000,\x05,,
1.626051520000000,\xDC,,
1.626146880000000,\x05,,
1.626242240000000,\x94,,
1.626337600000000,\xEC,,
1.627380640000000, ,,
1.627476000000000,@,,
1.627571360000000,\xD5,,
1.627666720000000,\xC5,,
1.627762240000000,\xEB,,
1.627857600000000,\xD5,,
1.627952960000000,E,,
1.628048320000000,U,,
1.628143680000000,\xA8,,
1.628239040000000,\xC5,,
1.628334560000000,\xDC,,
1.628429920000000,\xD5,,
1.628525280000000,\xDC,,
1.628620640000000,U,,
1.628716000000000,\xDC,,
1.628811520000000,\xC5,,
1.628906880000000,\xDC,,
1.629002240000000,\xD5,,
1.629097600000000,\xDC,,
1.629192960000000,U,,
1.629288320000000,\xDC,,
1.629383840000000,\xC5,,
1.629479200000000,\xDC,,
1.629574560000000,\xD5,,
1.629669920000000,\xDC,,
1.629765280000000,U,,
1.629860800000000,\xDC,,
1.629956160000000,\x05,,
1.630051520000000,\xDC,,
1.630146880000000,\x05,,
1.630242240000000,\x94,,
1.630337600000000,\xEC,,
1.631380480000000, ,,
1.631475840000000,@,,
1.631571200000000,\xD5,,
1.631666720000000,\xC5,,
1.631762080000000,\xEB,,
1.631857440000000,\xD5,,
1.631952800000000,E,,
1.632048160000000,U,,
1.632143680000000,\xA8,,
1.632239040000000,\xC5,,
1.632334400000000,\xDC,,
1.632429760000000,\xD5,,
1.632525120000000,\xDC,,
1.632620480000000,U,,
1.632716000000000,\xDC,,
1.632811360000000,\xC5,,
1.632906720000000,\xDC,,
1.633002080000000,\xD5,,
1.633097440000000,\xDC,,
1.633192960000000,U,,
1.633288320000000,\xDC,,
1.633383680000000,\xC5,,
1.633479040000000,\xDC,,
1.633574400000000,\xD5,,
1.633669760000000,\xDC,,
1.633765280000000,U,,
1.633860640000000,\xDC,,
1.633956000000000,\x05,,
1.634051360000000,\xDC,,
1.634146720000000,\x05,,
1.634242080000000,\x94,,
1.634337600000000,\xEC,,
1.635380480000000, ,,
1.635475840000000,@,,
1.635571200000000,\xD5,,
1.635666560000000,\xC5,,
1.635761920000000,\xEB,,
1.635857440000000,\xD5,,
1.635952800000000,E,,
1.636048160000000,U,,
1.636143520000000,\xA8,,
1.636238880000000,\xC5,,
1.636334240000000,\xDC,,
1.636429760000000,\xD5,,
1.636525120000000,\xDC,,
1.636620480000000,U,,
1.636715840000000,\xDC,,
1.636811200000000,\xC5,,
1.636906720000000,\xDC,,
1.637002080000000,\xD5,,
1.637097440000000,\xDC,,
1.637192800000000,U,,
1.637288160000000,\xDC,,
1.637383680000000,\xC5,,
1.637479040000000,\xDC,,
1.637574400000000,\xD5,,
1.637669760000000,\xDC,,
1.637765120000000,U,,
1.637860480000000,\xDC,,
1.637956000000000,\x05,,
1.638051360000000,\xDC,,
1.638146720000000,\x05,,
1.638242080000000,\x94,,
1.638337440000000,\xEC,,
1.639380320000000, ,,
1.639475680000000,@,,
1.639571200000000,\xD5,,
1.639666560000000,\xC5,,
1.639761920000000,\xEB,,
1.639857280000000,\xD5,,
1.639952640000000,E,,
1.640048000000000,U,,
1.640143520000000,\xA8,,
1.640238880000000,\xC5,,
1.640334240000000,\xDC,,
1.640429600000000,\xD5,,
1.640524960000000,\xDC,,
1.640620480000000,U,,
1.640715840000000,\xDC,,
1.640811200000000,\xC5,,
1.640906560000000,\xDC,,
1.641001920000000,\xD5,,
1.641097280000000,\xDC,,
1.641192800000000,U,,
1.641288160000000,\xDC,,
1.641383520000000,\xC5,,
1.641478880000000,\xDC,,
1.641574240000000,\xD5,,
1.641669760000000,\xDC,,
1.641765120000000,U,,
1.641860480000000,\xDC,,
1.641955840000000,\x05,,
1.642051200000000,\xDC,,
1.642146560000000,\x05,,
1.642242080000000,\x94,,
1.642337440000000,\xEC,,
1.643387680000000, ,,
1.643483200000000,@,,
1.643578560000000,\xD5,,
1.643673920000000,\xC5,,
1.643769280000000,\xEB,,
1.643864640000000,\xD5,,
1.643960160000000,E,,
1.644055520000000,U,,
1.644150880000000,\xA8,,
1.644246240000000,\xC5,,
1.644341600000000,\xDC,,
1.644436960000000,\xD5,,
1.644532480000000,\xDC,,
1.644627840000000,U,,
1.644723200000000,\xDC,,
1.644818560000000,\xC5,,
1.644913920000000,\xDC,,
1.645009440000000,\xD5,,
1.645104800000000,\xDC,,
1.645200160000000,U,,
1.645295520000000,\xDC,,
1.645390880000000,\xC5,,
1.645486240000000,\xDC,,
1.645581760000000,\xD5,,
1.645677120000000,\xDC,,
1.645772480000000,U,,
1.645867840000000,\xDC,,
1.645963200000000,\x05,,
1.646058560000000,\xDC,,
1.646154080000000,\x05,,
1.646249440000000,\x94,,
1.646344800000000,\xEC,,
1.647380320000000, ,,
1.647475680000000,@,,
1.647571040000000,\xD5,,
1.647666400000000,\xC5,,
1.647761760000000,\xEB,,
1.647857280000000,\xD5,,
1.647952640000000,E,,
1.648048000000000,U,,
1.648143360000000,\xA8,,
1.648238720000000,\xC5,,
1.648334080000000,\xDC,,
1.648429600000000,\xD5,,
1.648524960000000,\xDC,,
1.648620320000000,U,,
1.648715680000000,\xDC,,
1.648811040000000,\xC5,,
1.648906560000000,\xDC,,
1.649001920000000,\xD5,,
1.649097280000000,\xDC,,
1.649192640000000,U,,
1.649288000000000,\xDC,,
1.649383360000000,\xC5,,
1.649478880000000,\xDC,,
1.649574240000000,\xD5,,
1.649669600000000,\xDC,,
1.649764960000000,U,,
1.649860320000000,\xDC,,
1.649955680000000,\x05,,
1.650051200000000,\xDC,,
1.650146560000000,\x05,,
1.650241920000000,\x94,,
1.650337280000000,\xEC,,
1.651380160000000, ,,
1.651475520000000,@,,
1.651570880000000,\xD5,,
1.651666240000000,\xC5,,
1.651761760000000,\xEB,,
1.651857120000000,\xD5,,
1.651952480000000,E,,
1.652047840000000,U,,
1.652143200000000,\xA8,,
1.652238560000000,\xC5,,
1.652334080000000,\xDC,,
1.652429440000000,\xD5,,
1.652524800000000,\xDC,,
1.652620160000000,U,,
1.652715520000000,\xDC,,
1.652810880000000,\xC5,,
1.652906400000000,\xDC,,
1.653001760000000,\xD5,,
1.653097120000000,\xDC,,
1.653192480000000,U,,
1.653287840000000,\xDC,,
1.653383360000000,\xC5,,
1.653478720000000,\xDC,,
1.653574080000000,\xD5,,
1.653669440000000,\xDC,,
1.653764800000000,U,,
1.653860160000000,\xDC,,
1.653955680000000,\x05,,
1.654051040000000,\xDC,,
1.654146400000000,\x05,,
1.654241760000000,\x94,,
1.654337120000000,\xEC,,
1.655380000000000, ,,
1.655475520000000,@,,
1.655570880000000,\xD5,,
1.655666240000000,\xC5,,
1.655761600000000,\xEB,,
1.655856960000000,\xD5,,
1.655952320000000,E,,
1.656047840000000,U,,
1.656143200000000,\xA8,,
1.656238560000000,\xC5,,
1.656333920000000,\xDC,,
1.656429280000000,\xD5,,
1.656524800000000,\xDC,,
1.656620160000000,U,,
1.656715520000000,\xDC,,
1.656810880000000,\xC5,,
1.656906240000000,\xDC,,
1.657001600000000,\xD5,,
1.657097120000000,\xDC,,
1.657192480000000,U,,
1.657287840000000,\xDC,,
1.657383200000000,\xC5,,
1.657478560000000,\xDC,,
1.657574080000000,\xD5,,
1.657669440000000,\xDC,,
1.657764800000000,U,,
1.657860160000000,\xDC,,
1.657955520000000,\x05,,
1.658050880000000,\xDC,,
1.658146400000000,\x05,,
1.658241760000000,\x94,,
1.658337120000000,\xEC,,
1.659380000000000, ,,
1.659475360000000,@,,
1.659570720000000,\xD5,,
1.659666080000000,\xC5,,
1.659761600000000,\xEB,,
1.659856960000000,\xD5,,
1.659952320000000,E,,
1.660047680000000,U,,
1.660143040000000,\xA8,,
1.660238560000000,\xC5,,
1.660333920000000,\xDC,,
1.660429280000000,\xD5,,
1.660524640000000,\xDC,,
1.660620000000000,U,,
1.660715360000000,\xDC,,
1.660810880000000,\xC5,,
1.660906240000000,\xDC,,
1.661001600000000,\xD5,,
1.661096960000000,\xDC,,
1.661192320000000,U,,
1.661287840000000,\xDC,,
1.661383200000000,\xC5,,
1.661478560000000,\xDC,,
1.661573920000000,\xD5,,
1.661669280000000,\xDC,,
1.661764640000000,U,,
1.661860160000000,\xDC,,
1.661955520000000,\x05,,
1.662050880000000,\xDC,,
1.662146240000000,\x05,,
1.662241600000000,\x94,,
1.662337120000000,\xEC,,
1.663380000000000, ,,
1.663475360000000,@,,
1.663570720000000,\xD5,,
1.663666080000000,\xC5,,
1.663761440000000,\xEB,,
1.663856960000000,\xD5,,
1.663952320000000,E,,
1.664047680000000,U,,
1.664143040000000,\xA8,,
1.664238400000000,\xC5,,
1.664333760000000,\xDC,,
1.664429280000000,\xD5,,
1.664524640000000,\xDC,,
1.664620000000000,U,,
1.664715360000000,\xDC,,
1.664810720000000,\xC5,,
1.664906080000000,\xDC,,
1.665001600000000,\xD5,,
1.665096960000000,\xDC,,
1.665192320000000,U,,
1.665287680000000,\xDC,,
1.665383040000000,\xC5,,
1.665478560000000,\xDC,,
1.665573920000000,\xD5,,
1.665669280000000,\xDC,,
1.665764640000000,U,,
1.665860000000000,\xDC,,
1.665955360000000,\x05,,
1.666050880000000,\xDC,,
1.666146240000000,\x05,,
1.666241600000000,\x94,,
1.666336960000000,\xEC,,
1.667379840000000, ,,
1.667475200000000,@,,
1.667570560000000,\xD5,,
1.667666080000000,\xC5,,
1.667761440000000,\xEB,,
1.667856800000000,\xD5,,
1.667952160000000,E,,
1.668047520000000,U,,
1.668142880000000,\xA8,,
1.668238400000000,\xC5,,
1.668333760000000,\xDC,,
1.668429120000000,\xD5,,
1.668524480000000,\xDC,,
1.668619840000000,U,,
1.668715200000000,\xDC,,
1.668810720000000,\xC5,,
1.668906080000000,\xDC,,
1.669001440000000,\xD5,,
1.669096800000000,\xDC,,
1.669192160000000,U,,
1.669287680000000,\xDC,,
1.669383040000000,\xC5,,
1.669478400000000,\xDC,,
1.669573760000000,\xD5,,
1.669669120000000,\xDC,,
1.669764480000000,U,,
1.669860000000000,\xDC,,
1.669955360000000,\x05,,
1.670050720000000,\xDC,,
1.670146080000000,\x05,,
1.670241440000000,\x94,,
1.670336960000000,\xEC,,
1.671379840000000, ,,
1.671475200000000,@,,
1.671570560000000,\xD5,,
1.671665920000000,\xC5,,
1.671761440000000,\xEB,,
1.671856800000000,\xD5,,
1.671952160000000,E,,
1.672047520000000,U,,
1.672142880000000,\xA8,,
1.672238240000000,\xC5,,
1.672333760000000,\xDC,,
1.672429120000000,\xD5,,
1.672524480000000,\xDC,,
1.672619840000000,U,,
1.672715200000000,\xDC,,
1.672810560000000,\xC5,,
1.672906080000000,\xDC,,
1.673001440000000,\xD5,,
1.673096800000000,\xDC,,
1.673192160000000,U,,
1.673287520000000,\xDC,,
1.673383040000000,\xC5,,
1.673478400000000,\xDC,,
1.673573760000000,\xD5,,
1.673669120000000,\xDC,,
1.673764480000000,U,,
1.673859840000000,\xDC,,
1.673955360000000,\x05,,
1.674050720000000,\xDC,,
1.674146080000000,\x05,,
1.674241440000000,\x94,,
1.674336800000000,\xEC,,
1.675381280000000, ,,
1.675476640000000,@,,
1.675572000000000,\xD5,,
1.675667360000000,\xC5,,
1.675762720000000,\xEB,,
1.675858080000000,\xD5,,
1.675953600000000,E,,
1.676048960000000,U,,
1.676144320000000,\xA8,,
1.676239680000000,\xC5,,
1.676335040000000,\xDC,,
1.676430560000000,\xD5,,
1.676525920000000,\xDC,,
1.676621280000000,U,,
1.676716640000000,\xDC,,
1.676812000000000,\xC5,,
1.676907360000000,\xDC,,
1.677002880000000,\xD5,,
1.677098240000000,\xDC,,
1.677193600000000,U,,
1.677288960000000,\xDC,,
1.677384320000000,\xC5,,
1.677479840000000,\xDC,,
1.677575200000000,\xD5,,
1.677670560000000,\xDC,,
1.677765920000000,U,,
1.677861280000000,\xDC,,
1.677956640000000,\x05,,
1.678052160000000,\xDC,,
1.678147520000000,\x05,,
1.678242880000000,\x94,,
1.678338240000000,\xEC,,
1.679379680000000, ,,
1.679475040000000,@,,
1.679570400000000,\xD5,,
1.679665760000000,\xC5,,
1.679761280000000,\xEB,,
1.679856640000000,\xD5,,
1.679952000000000,E,,
1.680047360000000,U,,
1.680142720000000,\xA8,,
1.680238080000000,\xC5,,
1.680333600000000,\xDC,,
1.680428960000000,\xD5,,
1.680524320000000,\xDC,,
1.680619680000000,U,,
1.680715040000000,\xDC,,
1.680810560000000,\xC5,,
1.680905920000000,\xDC,,
1.681001280000000,\xD5,,
1.681096640000000,\xDC,,
1.681192000000000,U,,
1.681287360000000,\xDC,,
1.681382880000000,\xC5,,
1.681478240000000,\xDC,,
1.681573600000000,\xD5,,
1.681668960000000,\xDC,,
1.681764320000000,U,,
1.681859840000000,\xDC,,
1.681955200000000,\x05,,
1.682050560000000,\xDC,,
1.682145920000000,\x05,,
1.682241280000000,\x94,,
1.682336640000000,\xEC,,
1.683379520000000, ,,
1.683475040000000,@,,
1.683570400000000,\xD5,,
1.683665760000000,\xC5,,
1.683761120000000,\xEB,,
1.683856480000000,\xD5,,
1.683951840000000,E,,
1.684047360000000,U,,
1.684142720000000,\xA8,,
1.684238080000000,\xC5,,
1.684333440000000,\xDC,,
1.684428800000000,\xD5,,
1.684524320000000,\xDC,,
1.684619680000000,U,,
1.684715040000000,\xDC,,
1.684810400000000,\xC5,,
1.684905760000000,\xDC,,
1.685001120000000,\xD5,,
1.685096640000000,\xDC,,
1.685192000000000,U,,
1.685287360000000,\xDC,,
1.685382720000000,\xC5,,
1.685478080000000,\xDC,,
1.685573600000000,\xD5,,
1.685668960000000,\xDC,,
1.685764320000000,U,,
1.685859680000000,\xDC,,
1.685955040000000,\x05,,
1.686050400000000,\xDC,,
1.686145920000000,\x05,,
1.686241280000000,\x94,,
1.686336640000000,\xEC,,
1.687379520000000, ,,
1.687474880000000,@,,
1.687570240000000,\xD5,,
1.687665600000000,\xC5,,
1.687760960000000,\xEB,,
1.687856480000000,\xD5,,
1.687951840000000,E,,
1.688047200000000,U,,
1.688142560000000,\xA8,,
1.688237920000000,\xC5,,
1.688333440000000,\xDC,,
1.688428800000000,\xD5,,
1.688524160000000,\xDC,,
1.688619520000000,U,,
1.688714880000000,\xDC,,
1.688810240000000,\xC5,,
1.688905760000000,\xDC,,
1.689001120000000,\xD5,,
1.689096480000000,\xDC,,
1.689191840000000,U,,
1.689287200000000,\xDC,,
1.689382720000000,\xC5,,
1.689478080000000,\xDC,,
1.689573440000000,\xD5,,
1.689668800000000,\xDC,,
1.689764160000000,U,,
1.689859520000000,\xDC,,
1.689955040000000,\x05,,
1.690050400000000,\xDC,,
1.690145760000000,\x05,,
1.690241120000000,\x94,,
1.690336480000000,\xEC,,
1.691379360000000, ,,
1.691474880000000,@,,
1.691570240000000,\xD5,,
1.691665600000000,\xC5,,
1.691760960000000,\xEB,,
1.691856320000000,\xD5,,
1.691951840000000,E,,
1.692047200000000,U,,
1.692142560000000,\xA8,,
1.692237920000000,\xC5,,
1.692333280000000,\xDC,,
1.692428640000000,\xD5,,
1.692524160000000,\xDC,,
1.692619520000000,U,,
1.692714880000000,\xDC,,
1.692810240000000,\xC5,,
1.692905600000000,\xDC,,
1.693001120000000,\xD5,,
1.693096480000000,\xDC,,
1.693191840000000,U,,
1.693287200000000,\xDC,,
1.693382560000000,\xC5,,
1.693477920000000,\xDC,,
1.693573440000000,\xD5,,
1.693668800000000,\xDC,,
1.693764160000000,U,,
1.693859520000000,\xDC,,
1.693954880000000,\x05,,
1.694050240000000,\xDC,,
1.694145760000000,\x05,,
1.694241120000000,\x94,,
1.694336480000000,\xEC,,
1.695393120000000, ,,
1.695488640000000,@,,
1.695584000000000,\xD5,,
1.695679360000000,\xC5,,
1.695774720000000,\xEB,,
1.695870080000000,\xD5,,
1.695965440000000,E,,
1.696060960000000,U,,
1.696156320000000,\xA8,,
1.696251680000000,\xC5,,
1.696347040000000,\xDC,,
1.696442400000000,\xD5,,
1.696537920000000,\xDC,,
1.696633280000000,U,,
1.696728640000000,\xDC,,
1.696824000000000,\xC5,,
1.696919360000000,\xDC,,
1.697014720000000,\xD5,,
1.697110240000000,\xDC,,
1.697205600000000,U,,
1.697300960000000,\xDC,,
1.697396320000000,\xC5,,
1.697491680000000,\xDC,,
1.697587200000000,\xD5,,
1.697682560000000,\xDC,,
1.697777920000000,U,,
1.697873280000000,\xDC,,
1.697968640000000,\x05,,
1.698064000000000,\xDC,,
1.698159520000000,\x05,,
1.698254880000000,\x94,,
1.698350240000000,\xEC,,
1.699379360000000, ,,
1.699474720000000,@,,
1.699570080000000,\xD5,,
1.699665440000000,\xC5,,
1.699760800000000,\xEB,,
1.699856320000000,\xD5,,
1.699951680000000,E,,
1.700047040000000,U,,
1.700142400000000,\xA8,,
1.700237760000000,\xC5,,
1.700333120000000,\xDC,,
1.700428640000000,\xD5,,
1.700524000000000,\xDC,,
1.700619360000000,U,,
1.700714720000000,\xDC,,
1.700810080000000,\xC5,,
1.700905600000000,\xDC,,
1.701000960000000,\xD5,,
1.701096320000000,\xDC,,
1.701191680000000,U,,
1.701287040000000,\xDC,,
1.701382400000000,\xC5,,
1.701477920000000,\xDC,,
1.701573280000000,\xD5,,
1.701668640000000,\xDC,,
1.701764000000000,U,,
1.701859360000000,\xDC,,
1.701954880000000,\x05,,
1.702050240000000,\xDC,,
1.702145600000000,\x05,,
1.702240960000000,\x94,,
1.702336320000000,\xEC,,
1.703379200000000, ,,
1.703474560000000,@,,
1.703569920000000,\xD5,,
1.703665440000000,\xC5,,
1.703760800000000,\xEB,,
1.703856160000000,\xD5,,
1.703951520000000,E,,
1.704046880000000,U,,
1.704142400000000,\xA8,,
1.704237760000000,\xC5,,
1.704333120000000,\xDC,,
1.704428480000000,\xD5,,
1.704523840000000,\xDC,,
1.704619200000000,U,,
1.704714720000000,\xDC,,
1.704810080000000,\xC5,,
1.704905440000000,\xDC,,
1.705000800000000,\xD5,,
1.705096160000000,\xDC,,
1.705191680000000,U,,
1.705287040000000,\xDC,,
1.705382400000000,\xC5,,
1.705477760000000,\xDC,,
1.705573120000000,\xD5,,
1.705668480000000,\xDC,,
1.705764000000000,U,,
1.705859360000000,\xDC,,
1.705954720000000,\x05,,
1.706050080000000,\xDC,,
1.706145440000000,\x05,,
1.706240960000000,\x94,,
1.706336320000000,\xEC,,
1.707396160000000, ,,
1.707491680000000,@,,
1.707587040000000,\xD5,,
1.707682400000000,\xC5,,
1.707777760000000,\xEB,,
1.707873120000000,\xD5,,
1.707968480000000,E,,
1.708064000000000,U,,
1.708159360000000,\xA8,,
1.708254720000000,\xC5,,
1.708350080000000,\xDC,,
1.708445440000000,\xD5,,
1.708540960000000,\xDC,,
1.708636320000000,U,,
1.708731680000000,\xDC,,
1.708827040000000,\xC5,,
1.708922400000000,\xDC,,
1.709017760000000,\xD5,,
1.709113280000000,\xDC,,
1.709208640000000,U,,
1.709304000000000,\xDC,,
1.709399360000000,\xC5,,
1.709494720000000,\xDC,,
1.709590240000000,\xD5,,
1.709685600000000,\xDC,,
1.709780960000000,U,,
1.709876320000000,\xDC,,
1.709971680000000,\x05,,
1.710067040000000,\xDC,,
1.710162560000000,\x05,,
1.710257920000000,\x94,,
1.710353280000000,\xEC,,
1.711388960000000, ,,
1.711484320000000,@,,
1.711579680000000,\xD5,,
1.711675040000000,\xC5,,
1.711770400000000,\xEB,,
1.711865920000000,\xD5,,
1.711961280000000,E,,
1.712056640000000,U,,
1.712152000000000,\xA8,,
1.712247360000000,\xC5,,
1.712342880000000,\xDC,,
1.712438240000000,\xD5,,
1.712533600000000,\xDC,,
1.712628960000000,U,,
1.712724320000000,\xDC,,
1.712819680000000,\xC5,,
1.712915200000000,\xDC,,
1.713010560000000,\xD5,,
1.713105920000000,\xDC,,
1.713201280000000,U,,
1.713296640000000,\xDC,,
1.713392160000000,\xC5,,
1.713487520000000,\xDC,,
1.713582880000000,\xD5,,
1.713678240000000,\xDC,,
1.713773600000000,U,,
1.713868960000000,\xDC,,
1.713964480000000,\x05,,
1.714059840000000,\xDC,,
1.714155200000000,\x05,,
1.714250560000000,\x94,,
1.714345920000000,\xEC,,
1.715379040000000, ,,
1.715474400000000,@,,
1.715569760000000,\xD5,,
1.715665120000000,\xC5,,
1.715760480000000,\xEB,,
1.715856000000000,\xD5,,
1.715951360000000,E,,
1.716046720000000,U,,
1.716142080000000,\xA8,,
1.716237440000000,\xC5,,
1.716332960000000,\xDC,,
1.716428320000000,\xD5,,
1.716523680000000,\xDC,,
1.716619040000000,U,,
1.716714400000000,\xDC,,
1.716809760000000,\xC5,,
1.716905280000000,\xDC,,
1.717000640000000,\xD5,,
1.717096000000000,\xDC,,
1.717191360000000,U,,
1.717286720000000,\xDC,,
1.717382240000000,\xC5,,
1.717477600000000,\xDC,,
1.717572960000000,\xD5,,
1.717668320000000,\xDC,,
1.717763680000000,U,,
1.717859040000000,\xDC,,
1.717954560000000,\x05,,
1.718049920000000,\xDC,,
1.718145280000000,\x05,,
1.718240640000000,\x94,,
1.718336000000000,\xEC,,
1.719378880000000, ,,
1.719474400000000,@,,
1.719569760000000,\xD5,,
1.719665120000000,\xC5,,
1.719760480000000,\xEB,,
1.719855840000000,\xD5,,
1.719951200000000,E,,
1.720046720000000,U,,
1.720142080000000,\xA8,,
1.720237440000000,\xC5,,
1.720332800000000,\xDC,,
1.720428160000000,\xD5,,
1.720523520000000,\xDC,,
1.720619040000000,U,,
1.720714400000000,\xDC,,
1.720809760000000,\xC5,,
1.720905120000000,\xDC,,
1.721000480000000,\xD5,,
1.721096000000000,\xDC,,
1.721191360000000,U,,
1.721286720000000,\xDC,,
1.721382080000000,\xC5,,
1.721477440000000,\xDC,,
1.721572800000000,\xD5,,
1.721668320000000,\xDC,,
1.721763680000000,U,,
1.721859040000000,\xDC,,
1.721954400000000,\x05,,
1.722049760000000,\xDC,,
1.722145280000000,\x05,,
1.722240640000000,\x94,,
1.722336000000000,\xEC,,
1.723378880000000, ,,
1.723474240000000,@,,
1.723569600000000,\xD5,,
1.723665120000000,\xC5,,
1.723760480000000,\xEB,,
1.723855840000000,\xD5,,
1.723951200000000,E,,
1.724046560000000,U,,
1.724141920000000,\xA8,,
1.724237440000000,\xC5,,
1.724332800000000,\xDC,,
1.724428160000000,\xD5,,
1.724523520000000,\xDC,,
1.724618880000000,U,,
1.724714400000000,\xDC,,
1.724809760000000,\xC5,,
1.724905120000000,\xDC,,
1.725000480000000,\xD5,,
1.725095840000000,\xDC,,
1.725191200000000,U,,
1.725286720000000,\xDC,,
1.725382080000000,\xC5,,
1.725477440000000,\xDC,,
1.725572800000000,\xD5,,
1.725668160000000,\xDC,,
1.725763680000000,U,,
1.725859040000000,\xDC,,
1.725954400000000,\x05,,
1.726049760000000,\xDC,,
1.726145120000000,\x05,,
1.726240480000000,\x94,,
1.726336000000000,\xEC,,
1.727378720000000, ,,
1.727474240000000,@,,
1.727569600000000,\xD5,,
1.727664960000000,\xC5,,
1.727760320000000,\xEB,,
1.727855680000000,\xD5,,
1.727951200000000,E,,
1.728046560000000,U,,
1.728141920000000,\xA8,,
1.728237280000000,\xC5,,
1.728332640000000,\xDC,,
1.728428000000000,\xD5,,
1.728523520000000,\xDC,,
1.728618880000000,U,,
1.728714240000000,\xDC,,
1.728809600000000,\xC5,,
1.728904960000000,\xDC,,
1.729000480000000,\xD5,,
1.729095840000000,\xDC,,
1.729191200000000,U,,
1.729286560000000,\xDC,,
1.729381920000000,\xC5,,
1.729477280000000,\xDC,,
1.729572800000000,\xD5,,
1.729668160000000,\xDC,,
1.729763520000000,U,,
1.729858880000000,\xDC,,
1.729954240000000,\x05,,
1.730049760000000,\xDC,,
1.730145120000000,\x05,,
1.730240480000000,\x94,,
1.730335840000000,\xEC,,
1.731378720000000, ,,
1.731474080000000,@,,
1.731569440000000,\xD5,,
1.731664960000000,\xC5,,
1.731760320000000,\xEB,,
1.731855680000000,\xD5,,
1.731951040000000,E,,
1.732046400000000,U,,
1.732141760000000,\xA8,,
1.732237280000000,\xC5,,
1.732332640000000,\xDC,,
1.732428000000000,\xD5,,
1.732523360000000,\xDC,,
1.732618720000000,U,,
1.732714240000000,\xDC,,
1.732809600000000,\xC5,,
1.732904960000000,\xDC,,
1.733000320000000,\xD5,,
1.733095680000000,\xDC,,
1.733191040000000,U,,
1.733286560000000,\xDC,,
1.733381920000000,\xC5,,
1.733477280000000,\xDC,,
1.733572640000000,\xD5,,
1.733668000000000,\xDC,,
1.733763520000000,U,,
1.733858880000000,\xDC,,
1.733954240000000,\x05,,
1.734049600000000,\xDC,,
1.734144960000000,\x05,,
1.734240320000000,\x94,,
1.734335840000000,\xEC,,
1.735378720000000, ,,
1.735474080000000,@,,
1.735569440000000,\xD5,,
1.735664800000000,\xC5,,
1.735760160000000,\xEB,,
1.735855520000000,\xD5,,
1.735951040000000,E,,
1.736046400000000,U,,
1.736141760000000,\xA8,,
1.736237120000000,\xC5,,
1.736332480000000,\xDC,,
1.736427840000000,\xD5,,
1.736523360000000,\xDC,,
1.736618720000000,U,,
1.736714080000000,\xDC,,
1.736809440000000,\xC5,,
1.736904800000000,\xDC,,
1.737000320000000,\xD5,,
1.737095680000000,\xDC,,
1.737191040000000,U,,
1.737286400000000,\xDC,,
1.737381760000000,\xC5,,
1.737477120000000,\xDC,,
1.737572640000000,\xD5,,
1.737668000000000,\xDC,,
1.737763360000000,U,,
1.737858720000000,\xDC,,
1.737954080000000,\x05,,
1.738049600000000,\xDC,,
1.738144960000000,\x05,,
1.738240320000000,\x94,,
1.738335680000000,\xEC,,
1.739378560000000, ,,
1.739473920000000,@,,
1.739569280000000,\xD5,,
1.739664800000000,\xC5,,
1.739760160000000,\xEB,,
1.739855520000000,\xD5,,
1.739950880000000,E,,
1.740046240000000,U,,
1.740141760000000,\xA8,,
1.740237120000000,\xC5,,
1.740332480000000,\xDC,,
1.740427840000000,\xD5,,
1.740523200000000,\xDC,,
1.740618560000000,U,,
1.740714080000000,\xDC,,
1.740809440000000,\xC5,,
1.740904800000000,\xDC,,
1.741000160000000,\xD5,,
1.741095520000000,\xDC,,
1.741191040000000,U,,
1.741286400000000,\xDC,,
1.741381760000000,\xC5,,
1.741477120000000,\xDC,,
1.741572480000000,\xD5,,
1.741667840000000,\xDC,,
1.741763360000000,U,,
1.741858720000000,\xDC,,
1.741954080000000,\x05,,
1.742049440000000,\xDC,,
1.742144800000000,\x05,,
1.742240160000000,\x94,,
1.742335680000000,\xEC,,
1.743387680000000, ,,
1.743483040000000,@,,
1.743578560000000,\xD5,,
1.743673920000000,\xC5,,
1.743769280000000,\xEB,,
1.743864640000000,\xD5,,
1.743960000000000,E,,
1.744055520000000,U,,
1.744150880000000,\xA8,,
1.744246240000000,\xC5,,
1.744341600000000,\xDC,,
1.744436960000000,\xD5,,
1.744532320000000,\xDC,,
1.744627840000000,U,,
1.744723200000000,\xDC,,
1.744818560000000,\xC5,,
1.744913920000000,\xDC,,
1.745009280000000,\xD5,,
1.745104800000000,\xDC,,
1.745200160000000,U,,
1.745295520000000,\xDC,,
1.745390880000000,\xC5,,
1.745486240000000,\xDC,,
1.745581600000000,\xD5,,
1.745677120000000,\xDC,,
1.745772480000000,U,,
1.745867840000000,\xDC,,
1.745963200000000,\x05,,
1.746058560000000,\xDC,,
1.746153920000000,\x05,,
1.746249440000000,\x94,,
1.746344800000000,\xEC,,
1.747378400000000, ,,
1.747473920000000,@,,
1.747569280000000,\xD5,,
1.747664640000000,\xC5,,
1.747760000000000,\xEB,,
1.747855360000000,\xD5,,
1.747950880000000,E,,
1.748046240000000,U,,
1.748141600000000,\xA8,,
1.748236960000000,\xC5,,
1.748332320000000,\xDC,,
1.748427680000000,\xD5,,
1.748523200000000,\xDC,,
1.748618560000000,U,,
1.748713920000000,\xDC,,
1.748809280000000,\xC5,,
1.748904640000000,\xDC,,
1.749000160000000,\xD5,,
1.749095520000000,\xDC,,
1.749190880000000,U,,
1.749286240000000,\xDC,,
1.749381600000000,\xC5,,
1.749476960000000,\xDC,,
1.749572480000000,\xD5,,
1.749667840000000,\xDC,,
1.749763200000000,U,,
1.749858560000000,\xDC,,
1.749953920000000,\x05,,
1.750049440000000,\xDC,,
1.750144800000000,\x05,,
1.750240160000000,\x94,,
1.750335520000000,\xEC,,
1.751378400000000, ,,
1.751473760000000,@,,
1.751569120000000,\xD5,,
1.751664480000000,\xC5,,
1.751759840000000,\xEB,,
1.751855360000000,\xD5,,
1.751950720000000,E,,
1.752046080000000,U,,
1.752141440000000,\xA8,,
1.752236800000000,\xC5,,
1.752332320000000,\xDC,,
1.752427680000000,\xD5,,
1.752523040000000,\xDC,,
1.752618400000000,U,,
1.752713760000000,\xDC,,
1.752809280000000,\xC5,,
1.752904640000000,\xDC,,
1.753000000000000,\xD5,,
1.753095360000000,\xDC,,
1.753190720000000,U,,
1.753286080000000,\xDC,,
1.753381600000000,\xC5,,
1.753476960000000,\xDC,,
1.753572320000000,\xD5,,
1.753667680000000,\xDC,,
1.753763040000000,U,,
1.753858560000000,\xDC,,
1.753953920000000,\x05,,
1.754049280000000,\xDC,,
1.754144640000000,\x05,,
1.754240000000000,\x94,,
1.754335360000000,\xEC,,
1.755378400000000, ,,
1.755473760000000,@,,
1.755569120000000,\xD5,,
1.755664480000000,\xC5,,
1.755759840000000,\xEB,,
1.755855200000000,\xD5,,
1.755950720000000,E,,
1.756046080000000,U,,
1.756141440000000,\xA8,,
1.756236800000000,\xC5,,
1.756332160000000,\xDC,,
1.756427520000000,\xD5,,
1.756523040000000,\xDC,,
1.756618400000000,U,,
1.756713760000000,\xDC,,
1.756809120000000,\xC5,,
1.756904480000000,\xDC,,
1.757000000000000,\xD5,,
1.757095360000000,\xDC,,
1.757190720000000,U,,
1.757286080000000,\xDC,,
1.757381440000000,\xC5,,
1.757476800000000,\xDC,,
1.757572320000000,\xD5,,
1.757667680000000,\xDC,,
1.757763040000000,U,,
1.757858400000000,\xDC,,
1.757953760000000,\x05,,
1.758049280000000,\xDC,,
1.758144640000000,\x05,,
1.758240000000000,\x94,,
1.758335360000000,\xEC,,
1.759388160000000, ,,
1.759483680000000,@,,
1.759579040000000,\xD5,,
1.759674400000000,\xC5,,
1.759769760000000,\xEB,,
1.759865120000000,\xD5,,
1.759960640000000,E,,
1.760056000000000,U,,
1.760151360000000,\xA8,,
1.760246720000000,\xC5,,
1.760342080000000,\xDC,,
1.760437440000000,\xD5,,
1.760532960000000,\xDC,,
1.760628320000000,U,,
1.760723680000000,\xDC,,
1.760819040000000,\xC5,,
1.760914400000000,\xDC,,
1.761009920000000,\xD5,,
1.761105280000000,\xDC,,
1.761200640000000,U,,
1.761296000000000,\xDC,,
1.761391360000000,\xC5,,
1.761486720000000,\xDC,,
1.761582240000000,\xD5,,
1.761677600000000,\xDC,,
1.761772960000000,U,,
1.761868320000000,\xDC,,
1.761963680000000,\x05,,
1.762059040000000,\xDC,,
1.762154560000000,\x05,,
1.762249920000000,\x94,,
1.762345280000000,\xEC,,
1.763378080000000, ,,
1.763473600000000,@,,
1.763568960000000,\xD5,,
1.763664320000000,\xC5,,
1.763759680000000,\xEB,,
1.763855040000000,\xD5,,
1.763950560000000,E,,
1.764045920000000,U,,
1.764141280000000,\xA8,,
1.764236640000000,\xC5,,
1.764332000000000,\xDC,,
1.764427360000000,\xD5,,
1.764522880000000,\xDC,,
1.764618240000000,U,,
1.764713600000000,\xDC,,
1.764808960000000,\xC5,,
1.764904320000000,\xDC,,
1.764999840000000,\xD5,,
1.765095200000000,\xDC,,
1.765190560000000,U,,
1.765285920000000,\xDC,,
1.765381280000000,\xC5,,
1.765476640000000,\xDC,,
1.765572160000000,\xD5,,
1.765667520000000,\xDC,,
1.765762880000000,U,,
1.765858240000000,\xDC,,
1.765953600000000,\x05,,
1.766048960000000,\xDC,,
1.766144480000000,\x05,,
1.766239840000000,\x94,,
1.766335200000000,\xEC,,
1.767378080000000, ,,
1.767473440000000,@,,
1.767568800000000,\xD5,,
1.767664320000000,\xC5,,
1.767759680000000,\xEB,,
1.767855040000000,\xD5,,
1.767950400000000,E,,
1.768045760000000,U,,
1.768141280000000,\xA8,,
1.768236640000000,\xC5,,
1.768332000000000,\xDC,,
1.768427360000000,\xD5,,
1.768522720000000,\xDC,,
1.768618080000000,U,,
1.768713600000000,\xDC,,
1.768808960000000,\xC5,,
1.768904320000000,\xDC,,
1.768999680000000,\xD5,,
1.769095040000000,\xDC,,
1.769190400000000,U,,
1.769285920000000,\xDC,,
1.769381280000000,\xC5,,
1.769476640000000,\xDC,,
1.769572000000000,\xD5,,
1.769667360000000,\xDC,,
1.769762880000000,U,,
1.769858240000000,\xDC,,
1.769953600000000,\x05,,
1.770048960000000,\xDC,,
1.770144320000000,\x05,,
1.770239680000000,\x94,,
1.770335200000000,\xEC,,
1.771378080000000, ,,
1.771473440000000,@,,
1.771568800000000,\xD5,,
1.771664160000000,\xC5,,
1.771759520000000,\xEB,,
1.771855040000000,\xD5,,
1.771950400000000,E,,
1.772045760000000,U,,
1.772141120000000,\xA8,,
1.772236480000000,\xC5,,
1.772331840000000,\xDC,,
1.772427360000000,\xD5,,
1.772522720000000,\xDC,,
1.772618080000000,U,,
1.772713440000000,\xDC,,
1.772808800000000,\xC5,,
1.772904320000000,\xDC,,
1.772999680000000,\xD5,,
1.773095040000000,\xDC,,
1.773190400000000,U,,
1.773285760000000,\xDC,,
1.773381120000000,\xC5,,
1.773476640000000,\xDC,,
1.773572000000000,\xD5,,
1.773667360000000,\xDC,,
1.773762720000000,U,,
1.773858080000000,\xDC,,
1.773953600000000,\x05,,
1.774048960000000,\xDC,,
1.774144320000000,\x05,,
1.774239680000000,\x94,,
1.774335040000000,\xEC,,
1.775377920000000, ,,
1.775473440000000,@,,
1.775568800000000,\xD5,,
1.775664160000000,\xC5,,
1.775759520000000,\xEB,,
1.775854880000000,\xD5,,
1.775950400000000,E,,
1.776045760000000,U,,
1.776141120000000,\xA8,,
1.776236480000000,\xC5,,
1.776331840000000,\xDC,,
1.776427200000000,\xD5,,
1.776522720000000,\xDC,,
1.776618080000000,U,,
1.776713440000000,\xDC,,
1.776808800000000,\xC5,,
1.776904160000000,\xDC,,
1.776999520000000,\xD5,,
1.777095040000000,\xDC,,
1.777190400000000,U,,
1.777285760000000,\xDC,,
1.777381120000000,\xC5,,
1.777476480000000,\xDC,,
1.777572000000000,\xD5,,
1.777667360000000,\xDC,,
1.777762720000000,U,,
1.777858080000000,\xDC,,
1.777953440000000,\x05,,
1.778048800000000,\xDC,,
1.778144320000000,\x05,,
1.778239680000000,\x94,,
1.778335040000000,\xEC,,
1.779377920000000, ,,
1.779473280000000,@,,
1.779568640000000,\xD5,,
1.779664000000000,\xC5,,
1.779759360000000,\xEB,,
1.779854880000000,\xD5,,
1.779950240000000,E,,
1.780045600000000,U,,
1.780140960000000,\xA8,,
1.780236320000000,\xC5,,
1.780331680000000,\xDC,,
1.780427200000000,\xD5,,
1.780522560000000,\xDC,,
1.780617920000000,U,,
1.780713280000000,\xDC,,
1.780808640000000,\xC5,,
1.780904160000000,\xDC,,
1.780999520000000,\xD5,,
1.781094880000000,\xDC,,
1.781190240000000,U,,
1.781285600000000,\xDC,,
1.781380960000000,\xC5,,
1.781476480000000,\xDC,,
1.781571840000000,\xD5,,
1.781667200000000,\xDC,,
1.781762560000000,U,,
1.781857920000000,\xDC,,
1.781953440000000,\x05,,
1.782048800000000,\xDC,,
1.782144160000000,\x05,,
1.782239520000000,\x94,,
1.782334880000000,\xEC,,
1.783377760000000, ,,
1.783473280000000,@,,
1.783568640000000,\xD5,,
1.783664000000000,\xC5,,
1.783759360000000,\xEB,,
1.783854720000000,\xD5,,
1.783950080000000,E,,
1.784045600000000,U,,
1.784140960000000,\xA8,,
1.784236320000000,\xC5,,
1.784331680000000,\xDC,,
1.784427040000000,\xD5,,
1.784522560000000,\xDC,,
1.784617920000000,U,,
1.784713280000000,\xDC,,
1.784808640000000,\xC5,,
1.784904000000000,\xDC,,
1.784999360000000,\xD5,,
1.785094880000000,\xDC,,
1.785190240000000,U,,
1.785285600000000,\xDC,,
1.785380960000000,\xC5,,
1.785476320000000,\xDC,,
1.785571680000000,\xD5,,
1.785667200000000,\xDC,,
1.785762560000000,U,,
1.785857920000000,\xDC,,
1.785953280000000,\x05,,
1.786048640000000,\xDC,,
1.786144160000000,\x05,,
1.786239520000000,\x94,,
1.786334880000000,\xEC,,
1.787377760000000, ,,
1.787473120000000,@,,
1.787568640000000,\xD5,,
1.787664000000000,\xC5,,
1.787759360000000,\xEB,,
1.787854720000000,\xD5,,
1.787950080000000,E,,
1.788045600000000,U,,
1.788140960000000,\xA8,,
1.788236320000000,\xC5,,
1.788331680000000,\xDC,,
1.788427040000000,\xD5,,
1.788522400000000,\xDC,,
1.788617920000000,U,,
1.788713280000000,\xDC,,
1.788808640000000,\xC5,,
1.788904000000000,\xDC,,
1.788999360000000,\xD5,,
1.789094880000000,\xDC,,
1.789190240000000,U,,
1.789285600000000,\xDC,,
1.789380960000000,\xC5,,
1.789476320000000,\xDC,,
1.789571680000000,\xD5,,
1.789667200000000,\xDC,,
1.789762560000000,U,,
1.789857920000000,\xDC,,
1.789953280000000,\x05,,
1.790048640000000,\xDC,,
1.790144160000000,\x05,,
1.790239520000000,\x94,,
1.790334880000000,\xEC,,
1.791391520000000, ,,
1.791486880000000,@,,
1.791582400000000,\xD5,,
1.791677760000000,\xC5,,
1.791773120000000,\xEB,,
1.791868480000000,\xD5,,
1.791963840000000,E,,
1.792059360000000,U,,
1.792154720000000,\xA8,,
1.792250080000000,\xC5,,
1.792345440000000,\xDC,,
1.792440800000000,\xD5,,
1.792536160000000,\xDC,,
1.792631680000000,U,,
1.792727040000000,\xDC,,
1.792822400000000,\xC5,,
1.792917760000000,\xDC,,
1.793013120000000,\xD5,,
1.793108480000000,\xDC,,
1.793204000000000,U,,
1.793299360000000,\xDC,,
1.793394720000000,\xC5,,
1.793490080000000,\xDC,,
1.793585440000000,\xD5,,
1.793680960000000,\xDC,,
1.793776320000000,U,,
1.793871680000000,\xDC,,
1.793967040000000,\x05,,
1.794062400000000,\xDC,,
1.794157760000000,\x05,,
1.794253280000000,\x94,,
1.794348640000000,\xEC,,
1.795377600000000, ,,
1.795472960000000,@,,
1.795568480000000,\xD5,,
1.795663840000000,\xC5,,
1.795759200000000,\xEB,,
1.795854560000000,\xD5,,
1.795949920000000,E,,
1.796045280000000,U,,
1.796140800000000,\xA8,,
1.796236160000000,\xC5,,
1.796331520000000,\xDC,,
1.796426880000000,\xD5,,
1.796522240000000,\xDC,,
1.796617760000000,U,,
1.796713120000000,\xDC,,
1.796808480000000,\xC5,,
1.796903840000000,\xDC,,
1.796999200000000,\xD5,,
1.797094560000000,\xDC,,
1.797190080000000,U,,
1.797285440000000,\xDC,,
1.797380800000000,\xC5,,
1.797476160000000,\xDC,,
1.797571520000000,\xD5,,
1.797667040000000,\xDC,,
1.797762400000000,U,,
1.797857760000000,\xDC,,
1.797953120000000,\x05,,
1.798048480000000,\xDC,,
1.798144000000000,\x05,,
1.798239360000000,\x94,,
1.798334720000000,\xEC,,
1.799377600000000, ,,
1.799472960000000,@,,
1.799568320000000,\xD5,,
1.799663680000000,\xC5,,
1.799759200000000,\xEB,,
1.799854560000000,\xD5,,
1.799949920000000,E,,
1.800045280000000,U,,
1.800140640000000,\xA8,,
1.800236000000000,\xC5,,
1.800331520000000,\xDC,,
1.800426880000000,\xD5,,
1.800522240000000,\xDC,,
1.800617600000000,U,,
1.800712960000000,\xDC,,
1.800808320000000,\xC5,,
1.800903840000000,\xDC,,
1.800999200000000,\xD5,,
1.801094560000000,\xDC,,
1.801189920000000,U,,
1.801285280000000,\xDC,,
1.801380800000000,\xC5,,
1.801476160000000,\xDC,,
1.801571520000000,\xD5,,
1.801666880000000,\xDC,,
1.801762240000000,U,,
1.801857600000000,\xDC,,
1.801953120000000,\x05,,
1.802048480000000,\xDC,,
1.802143840000000,\x05,,
1.802239200000000,\x94,,
1.802334560000000,\xEC,,
1.803377440000000, ,,
1.803472800000000,@,,
1.803568160000000,\xD5,,
1.803663680000000,\xC5,,
1.803759040000000,\xEB,,
1.803854400000000,\xD5,,
1.803949760000000,E,,
1.804045120000000,U,,
1.804140480000000,\xA8,,
1.804236000000000,\xC5,,
1.804331360000000,\xDC,,
1.804426720000000,\xD5,,
1.804522080000000,\xDC,,
1.804617440000000,U,,
1.804712960000000,\xDC,,
1.804808320000000,\xC5,,
1.804903680000000,\xDC,,
1.804999040000000,\xD5,,
1.805094400000000,\xDC,,
1.805189760000000,U,,
1.805285280000000,\xDC,,
1.805380640000000,\xC5,,
1.805476000000000,\xDC,,
1.805571360000000,\xD5,,
1.805666720000000,\xDC,,
1.805762240000000,U,,
1.805857600000000,\xDC,,
1.805952960000000,\x05,,
1.806048320000000,\xDC,,
1.806143680000000,\x05,,
1.806239040000000,\x94,,
1.806334560000000,\xEC,,
1.807377440000000, ,,
1.807472800000000,@,,
1.807568160000000,\xD5,,
1.807663520000000,\xC5,,
1.807758880000000,\xEB,,
1.807854400000000,\xD5,,
1.807949760000000,E,,
1.808045120000000,U,,
1.808140480000000,\xA8,,
1.808235840000000,\xC5,,
1.808331200000000,\xDC,,
1.808426720000000,\xD5,,
1.808522080000000,\xDC,,
1.808617440000000,U,,
1.808712800000000,\xDC,,
1.808808160000000,\xC5,,
1.808903680000000,\xDC,,
1.808999040000000,\xD5,,
1.809094400000000,\xDC,,
1.809189760000000,U,,
1.809285120000000,\xDC,,
1.809380480000000,\xC5,,
1.809476000000000,\xDC,,
1.809571360000000,\xD5,,
1.809666720000000,\xDC,,
1.809762080000000,U,,
1.809857440000000,\xDC,,
1.809952800000000,\x05,,
1.810048320000000,\xDC,,
1.810143680000000,\x05,,
1.810239040000000,\x94,,
1.810334400000000,\xEC,,
1.811377440000000, ,,
1.811472800000000,@,,
1.811568160000000,\xD5,,
1.811663520000000,\xC5,,
1.811758880000000,\xEB,,
1.811854240000000,\xD5,,
1.811949760000000,E,,
1.812045120000000,U,,
1.812140480000000,\xA8,,
1.812235840000000,\xC5,,
1.812331200000000,\xDC,,
1.812426720000000,\xD5,,
1.812522080000000,\xDC,,
1.812617440000000,U,,
1.812712800000000,\xDC,,
1.812808160000000,\xC5,,
1.812903520000000,\xDC,,
1.812999040000000,\xD5,,
1.813094400000000,\xDC,,
1.813189760000000,U,,
1.813285120000000,\xDC,,
1.813380480000000,\xC5,,
1.813476000000000,\xDC,,
1.813571360000000,\xD5,,
1.813666720000000,\xDC,,
1.813762080000000,U,,
1.813857440000000,\xDC,,
1.813952800000000,\x05,,
1.814048320000000,\xDC,,
1.814143680000000,\x05,,
1.814239040000000,\x94,,
1.814334400000000,\xEC,,
1.815377280000000, ,,
1.815472640000000,@,,
1.815568000000000,\xD5,,
1.815663520000000,\xC5,,
1.815758880000000,\xEB,,
1.815854240000000,\xD5,,
1.815949600000000,E,,
1.816044960000000,U,,
1.816140320000000,\xA8,,
1.816235840000000,\xC5,,
1.816331200000000,\xDC,,
1.816426560000000,\xD5,,
1.816521920000000,\xDC,,
1.816617280000000,U,,
1.816712800000000,\xDC,,
1.816808160000000,\xC5,,
1.816903520000000,\xDC,,
1.816998880000000,\xD5,,
1.817094240000000,\xDC,,
1.817189760000000,U,,
1.817285120000000,\xDC,,
1.817380480000000,\xC5,,
1.817475840000000,\xDC,,
1.817571200000000,\xD5,,
1.817666560000000,\xDC,,
1.817762080000000,U,,
1.817857440000000,\xDC,,
1.817952800000000,\x05,,
1.818048160000000,\xDC,,
1.818143520000000,\x05,,
1.818239040000000,\x94,,
1.818334400000000,\xEC,,
1.819377120000000, ,,
1.819472480000000,@,,
1.819568000000000,\xD5,,
1.819663360000000,\xC5,,
1.819758720000000,\xEB,,
1.819854080000000,\xD5,,
1.819949440000000,E,,
1.820044960000000,U,,
1.820140320000000,\xA8,,
1.820235680000000,\xC5,,
1.820331040000000,\xDC,,
1.820426400000000,\xD5,,
1.820521920000000,\xDC,,
1.820617280000000,U,,
1.820712640000000,\xDC,,
1.820808000000000,\xC5,,
1.820903360000000,\xDC,,
1.820998720000000,\xD5,,
1.821094240000000,\xDC,,
1.821189600000000,U,,
1.821284960000000,\xDC,,
1.821380320000000,\xC5,,
1.821475680000000,\xDC,,
1.821571200000000,\xD5,,
1.821666560000000,\xDC,,
1.821761920000000,U,,
1.821857280000000,\xDC,,
1.821952640000000,\x05,,
1.822048000000000,\xDC,,
1.822143520000000,\x05,,
1.822238880000000,\x94,,
1.822334240000000,\xEC,,
1.823377120000000, ,,
1.823472480000000,@,,
1.823567840000000,\xD5,,
1.823663200000000,\xC5,,
1.823758720000000,\xEB,,
1.823854080000000,\xD5,,
1.823949440000000,E,,
1.824044800000000,U,,
1.824140160000000,\xA8,,
1.824235520000000,\xC5,,
1.824331040000000,\xDC,,
1.824426400000000,\xD5,,
1.824521760000000,\xDC,,
1.824617120000000,U,,
1.824712480000000,\xDC,,
1.824808000000000,\xC5,,
1.824903360000000,\xDC,,
1.824998720000000,\xD5,,
1.825094080000000,\xDC,,
1.825189440000000,U,,
1.825284800000000,\xDC,,
1.825380320000000,\xC5,,
1.825475680000000,\xDC,,
1.825571040000000,\xD5,,
1.825666400000000,\xDC,,
1.825761760000000,U,,
1.825857280000000,\xDC,,
1.825952640000000,\x05,,
1.826048000000000,\xDC,,
1.826143360000000,\x05,,
1.826238720000000,\x94,,
1.826334240000000,\xEC,,
1.827376960000000, ,,
1.827472480000000,@,,
1.827567840000000,\xD5,,
1.827663200000000,\xC5,,
1.827758560000000,\xEB,,
1.827853920000000,\xD5,,
1.827949440000000,E,,
1.828044800000000,U,,
1.828140160000000,\xA8,,
1.828235520000000,\xC5,,
1.828330880000000,\xDC,,
1.828426240000000,\xD5,,
1.828521760000000,\xDC,,
1.828617120000000,U,,
1.828712480000000,\xDC,,
1.828807840000000,\xC5,,
1.828903200000000,\xDC,,
1.828998560000000,\xD5,,
1.829094080000000,\xDC,,
1.829189440000000,U,,
1.829284800000000,\xDC,,
1.829380160000000,\xC5,,
1.829475520000000,\xDC,,
1.829571040000000,\xD5,,
1.829666400000000,\xDC,,
1.829761760000000,U,,
1.829857120000000,\xDC,,
1.829952480000000,\x05,,
1.830047840000000,\xDC,,
1.830143360000000,\x05,,
1.830238720000000,\x94,,
1.830334080000000,\xEC,,
1.831376960000000, ,,
1.831472480000000,@,,
1.831567840000000,\xD5,,
1.831663200000000,\xC5,,
1.831758560000000,\xEB,,
1.831853920000000,\xD5,,
1.831949440000000,E,,
1.832044800000000,U,,
1.832140160000000,\xA8,,
1.832235520000000,\xC5,,
1.832330880000000,\xDC,,
1.832426240000000,\xD5,,
1.832521760000000,\xDC,,
1.832617120000000,U,,
1.832712480000000,\xDC,,
1.832807840000000,\xC5,,
1.832903200000000,\xDC,,
1.832998720000000,\xD5,,
1.833094080000000,\xDC,,
1.833189440000000,U,,
1.833284800000000,\xDC,,
1.833380160000000,\xC5,,
1.833475520000000,\xDC,,
1.833571040000000,\xD5,,
1.833666400000000,\xDC,,
1.833761760000000,U,,
1.833857120000000,\xDC,,
1.833952480000000,\x05,,
1.834047840000000,\xDC,,
1.834143360000000,\x05,,
1.834238720000000,\x94,,
1.834334080000000,\xEC,,
1.835384480000000, ,,
1.835479840000000,@,,
1.835575360000000,\xD5,,
1.835670720000000,\xC5,,
1.835766080000000,\xEB,,
1.835861440000000,\xD5,,
1.835956800000000,E,,
1.836052320000000,U,,
1.836147680000000,\xA8,,
1.836243040000000,\xC5,,
1.836338400000000,\xDC,,
1.836433760000000,\xD5,,
1.836529280000000,\xDC,,
1.836624640000000,U,,
1.836720000000000,\xDC,,
1.836815360000000,\xC5,,
1.836910720000000,\xDC,,
1.837006080000000,\xD5,,
1.837101600000000,\xDC,,
1.837196960000000,U,,
1.837292320000000,\xDC,,
1.837387680000000,\xC5,,
1.837483040000000,\xDC,,
1.837578560000000,\xD5,,
1.837673920000000,\xDC,,
1.837769280000000,U,,
1.837864640000000,\xDC,,
1.837960000000000,\x05,,
1.838055360000000,\xDC,,
1.838150880000000,\x05,,
1.838246240000000,\x94,,
1.838341600000000,\xEC,,
1.839383520000000, ,,
1.839478880000000,@,,
1.839574400000000,\xD5,,
1.839669760000000,\xC5,,
1.839765120000000,\xEB,,
1.839860480000000,\xD5,,
1.839955840000000,E,,
1.840051360000000,U,,
1.840146720000000,\xA8,,
1.840242080000000,\xC5,,
1.840337440000000,\xDC,,
1.840432800000000,\xD5,,
1.840528160000000,\xDC,,
1.840623680000000,U,,
1.840719040000000,\xDC,,
1.840814400000000,\xC5,,
1.840909760000000,\xDC,,
1.841005120000000,\xD5,,
1.841100640000000,\xDC,,
1.841196000000000,U,,
1.841291360000000,\xDC,,
1.841386720000000,\xC5,,
1.841482080000000,\xDC,,
1.841577440000000,\xD5,,
1.841672960000000,\xDC,,
1.841768320000000,U,,
1.841863680000000,\xDC,,
1.841959040000000,\x05,,
1.842054400000000,\xDC,,
1.842149760000000,\x05,,
1.842245280000000,\x94,,
1.842340640000000,\xEC,,
1.843392320000000, ,,
1.843487680000000,@,,
1.843583040000000,\xD5,,
1.843678400000000,\xC5,,
1.843773760000000,\xEB,,
1.843869280000000,\xD5,,
1.843964640000000,E,,
1.844060000000000,U,,
1.844155360000000,\xA8,,
1.844250720000000,\xC5,,
1.844346080000000,\xDC,,
1.844441600000000,\xD5,,
1.844536960000000,\xDC,,
1.844632320000000,U,,
1.844727680000000,\xDC,,
1.844823040000000,\xC5,,
1.844918400000000,\xDC,,
1.845013920000000,\xD5,,
1.845109280000000,\xDC,,
1.845204640000000,U,,
1.845300000000000,\xDC,,
1.845395360000000,\xC5,,
1.845490880000000,\xDC,,
1.845586240000000,\xD5,,
1.845681600000000,\xDC,,
1.845776960000000,U,,
1.845872320000000,\xDC,,
1.845967680000000,\x05,,
1.846063200000000,\xDC,,
1.846158560000000,\x05,,
1.846253920000000,\x94,,
1.846349280000000,\xEC,,
1.847376640000000, ,,
1.847472000000000,@,,
1.847567520000000,\xD5,,
1.847662880000000,\xC5,,
1.847758240000000,\xEB,,
1.847853600000000,\xD5,,
1.847948960000000,E,,
1.848044320000000,U,,
1.848139840000000,\xA8,,
1.848235200000000,\xC5,,
1.848330560000000,\xDC,,
1.848425920000000,\xD5,,
1.848521280000000,\xDC,,
1.848616800000000,U,,
1.848712160000000,\xDC,,
1.848807520000000,\xC5,,
1.848902880000000,\xDC,,
1.848998240000000,\xD5,,
1.849093600000000,\xDC,,
1.849189120000000,U,,
1.849284480000000,\xDC,,
1.849379840000000,\xC5,,
1.849475200000000,\xDC,,
1.849570560000000,\xD5,,
1.849666080000000,\xDC,,
1.849761440000000,U,,
1.849856800000000,\xDC,,
1.849952160000000,\x05,,
1.850047520000000,\xDC,,
1.850142880000000,\x05,,
1.850238400000000,\x94,,
1.850333760000000,\xEC,,
1.851376640000000, ,,
1.851472000000000,@,,
1.851567360000000,\xD5,,
1.851662720000000,\xC5,,
1.851758240000000,\xEB,,
1.851853600000000,\xD5,,
1.851948960000000,E,,
1.852044320000000,U,,
1.852139680000000,\xA8,,
1.852235040000000,\xC5,,
1.852330560000000,\xDC,,
1.852425920000000,\xD5,,
1.852521280000000,\xDC,,
1.852616640000000,U,,
1.852712000000000,\xDC,,
1.852807520000000,\xC5,,
1.852902880000000,\xDC,,
1.852998240000000,\xD5,,
1.853093600000000,\xDC,,
1.853188960000000,U,,
1.853284320000000,\xDC,,
1.853379840000000,\xC5,,
1.853475200000000,\xDC,,
1.853570560000000,\xD5,,
1.853665920000000,\xDC,,
1.853761280000000,U,,
1.853856640000000,\xDC,,
1.853952160000000,\x05,,
1.854047520000000,\xDC,,
1.854142880000000,\x05,,
1.854238240000000,\x94,,
1.854333600000000,\xEC,,
1.855404320000000, ,,
1.855499840000000,@,,
1.855595200000000,\xD5,,
1.855690560000000,\xC5,,
1.855785920000000,\xEB,,
1.855881280000000,\xD5,,
1.855976800000000,E,,
1.856072160000000,U,,
1.856167520000000,\xA8,,
1.856262880000000,\xC5,,
1.856358240000000,\xDC,,
1.856453600000000,\xD5,,
1.856549120000000,\xDC,,
1.856644480000000,U,,
1.856739840000000,\xDC,,
1.856835200000000,\xC5,,
1.856930560000000,\xDC,,
1.857026080000000,\xD5,,
1.857121440000000,\xDC,,
1.857216800000000,U,,
1.857312160000000,\xDC,,
1.857407520000000,\xC5,,
1.857502880000000,\xDC,,
1.857598400000000,\xD5,,
1.857693760000000,\xDC,,
1.857789120000000,U,,
1.857884480000000,\xDC,,
1.857979840000000,\x05,,
1.858075200000000,\xDC,,
1.858170720000000,\x05,,
1.858266080000000,\x94,,
1.858361440000000,\xEC,,
1.859376480000000, ,,
1.859471840000000,@,,
1.859567200000000,\xD5,,
1.859662720000000,\xC5,,
1.859758080000000,\xEB,,
1.859853440000000,\xD5,,
1.859948800000000,E,,
1.860044160000000,U,,
1.860139520000000,\xA8,,
1.860235040000000,\xC5,,
1.860330400000000,\xDC,,
1.860425760000000,\xD5,,
1.860521120000000,\xDC,,
1.860616480000000,U,,
1.860712000000000,\xDC,,
1.860807360000000,\xC5,,
1.860902720000000,\xDC,,
1.860998080000000,\xD5,,
1.861093440000000,\xDC,,
1.861188800000000,U,,
1.861284320000000,\xDC,,
1.861379680000000,\xC5,,
1.861475040000000,\xDC,,
1.861570400000000,\xD5,,
1.861665760000000,\xDC,,
1.861761120000000,U,,
1.861856640000000,\xDC,,
1.861952000000000,\x05,,
1.862047360000000,\xDC,,
1.862142720000000,\x05,,
1.862238080000000,\x94,,
1.862333600000000,\xEC,,
1.863376480000000, ,,
1.863471840000000,@,,
1.863567200000000,\xD5,,
1.863662560000000,\xC5,,
1.863757920000000,\xEB,,
1.863853280000000,\xD5,,
1.863948800000000,E,,
1.864044160000000,U,,
1.864139520000000,\xA8,,
1.864234880000000,\xC5,,
1.864330240000000,\xDC,,
1.864425760000000,\xD5,,
1.864521120000000,\xDC,,
1.864616480000000,U,,
1.864711840000000,\xDC,,
1.864807200000000,\xC5,,
1.864902560000000,\xDC,,
1.864998080000000,\xD5,,
1.865093440000000,\xDC,,
1.865188800000000,U,,
1.865284160000000,\xDC,,
1.865379520000000,\xC5,,
1.865475040000000,\xDC,,
1.865570400000000,\xD5,,
1.865665760000000,\xDC,,
1.865761120000000,U,,
1.865856480000000,\xDC,,
1.865951840000000,\x05,,
1.866047360000000,\xDC,,
1.866142720000000,\x05,,
1.866238080000000,\x94,,
1.866333440000000,\xEC,,
1.867376320000000, ,,
1.867471680000000,@,,
1.867567040000000,\xD5,,
1.867662560000000,\xC5,,
1.867757920000000,\xEB,,
1.867853280000000,\xD5,,
1.867948640000000,E,,
1.868044000000000,U,,
1.868139360000000,\xA8,,
1.868234880000000,\xC5,,
1.868330240000000,\xDC,,
1.868425600000000,\xD5,,
1.868520960000000,\xDC,,
1.868616320000000,U,,
1.868711840000000,\xDC,,
1.868807200000000,\xC5,,
1.868902560000000,\xDC,,
1.868997920000000,\xD5,,
1.869093280000000,\xDC,,
1.869188800000000,U,,
1.869284160000000,\xDC,,
1.869379520000000,\xC5,,
1.869474880000000,\xDC,,
1.869570240000000,\xD5,,
1.869665600000000,\xDC,,
1.869761120000000,U,,
1.869856480000000,\xDC,,
1.869951840000000,\x05,,
1.870047200000000,\xDC,,
1.870142560000000,\x05,,
1.870238080000000,\x94,,
1.870333440000000,\xEC,,
1.871376320000000, ,,
1.871471680000000,@,,
1.871567040000000,\xD5,,
1.871662400000000,\xC5,,
1.871757760000000,\xEB,,
1.871853120000000,\xD5,,
1.871948640000000,E,,
1.872044000000000,U,,
1.872139360000000,\xA8,,
1.872234720000000,\xC5,,
1.872330080000000,\xDC,,
1.872425600000000,\xD5,,
1.872520960000000,\xDC,,
1.872616320000000,U,,
1.872711680000000,\xDC,,
1.872807040000000,\xC5,,
1.872902400000000,\xDC,,
1.872997920000000,\xD5,,
1.873093280000000,\xDC,,
1.873188640000000,U,,
1.873284000000000,\xDC,,
1.873379360000000,\xC5,,
1.873474880000000,\xDC,,
1.873570240000000,\xD5,,
1.873665600000000,\xDC,,
1.873760960000000,U,,
1.873856320000000,\xDC,,
1.873951680000000,\x05,,
1.874047200000000,\xDC,,
1.874142560000000,\x05,,
1.874237920000000,\x94,,
1.874333280000000,\xEC,,
1.875377760000000, ,,
1.875473120000000,@,,
1.875568480000000,\xD5,,
1.875663840000000,\xC5,,
1.875759200000000,\xEB,,
1.875854560000000,\xD5,,
1.875950080000000,E,,
1.876045440000000,U,,
1.876140800000000,\xA8,,
1.876236160000000,\xC5,,
1.876331520000000,\xDC,,
1.876427040000000,\xD5,,
1.876522400000000,\xDC,,
1.876617760000000,U,,
1.876713120000000,\xDC,,
1.876808480000000,\xC5,,
1.876903840000000,\xDC,,
1.876999360000000,\xD5,,
1.877094720000000,\xDC,,
1.877190080000000,U,,
1.877285440000000,\xDC,,
1.877380800000000,\xC5,,
1.877476320000000,\xDC,,
1.877571680000000,\xD5,,
1.877667040000000,\xDC,,
1.877762400000000,U,,
1.877857760000000,\xDC,,
1.877953120000000,\x05,,
1.878048640000000,\xDC,,
1.878144000000000,\x05,,
1.878239360000000,\x94,,
1.878334720000000,\xEC,,
1.879376160000000, ,,
1.879471520000000,@,,
1.879566880000000,\xD5,,
1.879662400000000,\xC5,,
1.879757760000000,\xEB,,
1.879853120000000,\xD5,,
1.879948480000000,E,,
1.880043840000000,U,,
1.880139200000000,\xA8,,
1.880234720000000,\xC5,,
1.880330080000000,\xDC,,
1.880425440000000,\xD5,,
1.880520800000000,\xDC,,
1.880616160000000,U,,
1.880711680000000,\xDC,,
1.880807040000000,\xC5,,
1.880902400000000,\xDC,,
1.880997760000000,\xD5,,
1.881093120000000,\xDC,,
1.881188480000000,U,,
1.881284000000000,\xDC,,
1.881379360000000,\xC5,,
1.881474720000000,\xDC,,
1.881570080000000,\xD5,,
1.881665440000000,\xDC,,
1.881760800000000,U,,
1.881856320000000,\xDC,,
1.881951680000000,\x05,,
1.882047040000000,\xDC,,
1.882142400000000,\x05,,
1.882237760000000,\x94,,
1.882333280000000,\xEC,,
1.883376000000000, ,,
1.883471520000000,@,,
1.883566880000000,\xD5,,
1.883662240000000,\xC5,,
1.883757600000000,\xEB,,
1.883852960000000,\xD5,,
1.883948320000000,E,,
1.884043840000000,U,,
1.884139200000000,\xA8,,
1.884234560000000,\xC5,,
1.884329920000000,\xDC,,
1.884425280000000,\xD5,,
1.884520800000000,\xDC,,
1.884616160000000,U,,
1.884711520000000,\xDC,,
1.884806880000000,\xC5,,
1.884902240000000,\xDC,,
1.884997600000000,\xD5,,
1.885093120000000,\xDC,,
1.885188480000000,U,,
1.885283840000000,\xDC,,
1.885379200000000,\xC5,,
1.885474560000000,\xDC,,
1.885570080000000,\xD5,,
1.885665440000000,\xDC,,
1.885760800000000,U,,
1.885856160000000,\xDC,,
1.885951520000000,\x05,,
1.886046880000000,\xDC,,
1.886142400000000,\x05,,
1.886237760000000,\x94,,
1.886333120000000,\xEC,,
1.887376000000000, ,,
1.887471360000000,@,,
1.887566720000000,\xD5,,
1.887662080000000,\xC5,,
1.887757600000000,\xEB,,
1.887852960000000,\xD5,,
1.887948320000000,E,,
1.888043680000000,U,,
1.888139040000000,\xA8,,
1.888234560000000,\xC5,,
1.888329920000000,\xDC,,
1.888425280000000,\xD5,,
1.888520640000000,\xDC,,
1.888616000000000,U,,
1.888711360000000,\xDC,,
1.888806880000000,\xC5,,
1.888902240000000,\xDC,,
1.888997600000000,\xD5,,
1.889092960000000,\xDC,,
1.889188320000000,U,,
1.889283840000000,\xDC,,
1.889379200000000,\xC5,,
1.889474560000000,\xDC,,
1.889569920000000,\xD5,,
1.889665280000000,\xDC,,
1.889760640000000,U,,
1.889856160000000,\xDC,,
1.889951520000000,\x05,,
1.890046880000000,\xDC,,
1.890142240000000,\x05,,
1.890237600000000,\x94,,
1.890333120000000,\xEC,,
1.891401120000000, ,,
1.891496480000000,@,,
1.891591840000000,\xD5,,
1.891687360000000,\xC5,,
1.891782720000000,\xEB,,
1.891878080000000,\xD5,,
1.891973440000000,E,,
1.892068800000000,U,,
1.892164320000000,\xA8,,
1.892259680000000,\xC5,,
1.892355040000000,\xDC,,
1.892450400000000,\xD5,,
1.892545760000000,\xDC,,
1.892641120000000,U,,
1.892736640000000,\xDC,,
1.892832000000000,\xC5,,
1.892927360000000,\xDC,,
1.893022720000000,\xD5,,
1.893118080000000,\xDC,,
1.893213600000000,U,,
1.893308960000000,\xDC,,
1.893404320000000,\xC5,,
1.893499680000000,\xDC,,
1.893595040000000,\xD5,,
1.893690400000000,\xDC,,
1.893785920000000,U,,
1.893881280000000,\xDC,,
1.893976640000000,\x05,,
1.894072000000000,\xDC,,
1.894167360000000,\x05,,
1.894262880000000,\x94,,
1.894358240000000,\xEC,,
1.895375840000000, ,,
1.895471200000000,@,,
1.895566720000000,\xD5,,
1.895662080000000,\xC5,,
1.895757440000000,\xEB,,
1.895852800000000,\xD5,,
1.895948160000000,E,,
1.896043520000000,U,,
1.896139040000000,\xA8,,
1.896234400000000,\xC5,,
1.896329760000000,\xDC,,
1.896425120000000,\xD5,,
1.896520480000000,\xDC,,
1.896616000000000,U,,
1.896711360000000,\xDC,,
1.896806720000000,\xC5,,
1.896902080000000,\xDC,,
1.896997440000000,\xD5,,
1.897092800000000,\xDC,,
1.897188320000000,U,,
1.897283680000000,\xDC,,
1.897379040000000,\xC5,,
1.897474400000000,\xDC,,
1.897569760000000,\xD5,,
1.897665120000000,\xDC,,
1.897760640000000,U,,
1.897856000000000,\xDC,,
1.897951360000000,\x05,,
1.898046720000000,\xDC,,
1.898142080000000,\x05,,
1.898237600000000,\x94,,
1.898332960000000,\xEC,,
1.899375840000000, ,,
1.899471200000000,@,,
1.899566560000000,\xD5,,
1.899662080000000,\xC5,,
1.899757440000000,\xEB,,
1.899852800000000,\xD5,,
1.899948160000000,E,,
1.900043520000000,U,,
1.900138880000000,\xA8,,
1.900234400000000,\xC5,,
1.900329760000000,\xDC,,
1.900425120000000,\xD5,,
1.900520480000000,\xDC,,
1.900615840000000,U,,
1.900711360000000,\xDC,,
1.900806720000000,\xC5,,
1.900902080000000,\xDC,,
1.900997440000000,\xD5,,
1.901092800000000,\xDC,,
1.901188160000000,U,,
1.901283680000000,\xDC,,
1.901379040000000,\xC5,,
1.901474400000000,\xDC,,
1.901569760000000,\xD5,,
1.901665120000000,\xDC,,
1.901760480000000,U,,
1.901856000000000,\xDC,,
1.901951360000000,\x05,,
1.902046720000000,\xDC,,
1.902142080000000,\x05,,
1.902237440000000,\x94,,
1.902332960000000,\xEC,,
1.903375680000000, ,,
1.903471040000000,@,,
1.903566560000000,\xD5,,
1.903661920000000,\xC5,,
1.903757280000000,\xEB,,
1.903852640000000,\xD5,,
1.903948000000000,E,,
1.904043360000000,U,,
1.904138880000000,\xA8,,
1.904234240000000,\xC5,,
1.904329600000000,\xDC,,
1.904424960000000,\xD5,,
1.904520320000000,\xDC,,
1.904615840000000,U,,
1.904711200000000,\xDC,,
1.904806560000000,\xC5,,
1.904901920000000,\xDC,,
1.904997280000000,\xD5,,
1.905092640000000,\xDC,,
1.905188160000000,U,,
1.905283520000000,\xDC,,
1.905378880000000,\xC5,,
1.905474240000000,\xDC,,
1.905569600000000,\xD5,,
1.905664960000000,\xDC,,
1.905760480000000,U,,
1.905855840000000,\xDC,,
1.905951200000000,\x05,,
1.906046560000000,\xDC,,
1.906141920000000,\x05,,
1.906237440000000,\x94,,
1.906332800000000,\xEC,,
1.907375680000000, ,,
1.907471040000000,@,,
1.907566400000000,\xD5,,
1.907661760000000,\xC5,,
1.907757280000000,\xEB,,
1.907852640000000,\xD5,,
1.907948000000000,E,,
1.908043360000000,U,,
1.908138720000000,\xA8,,
1.908234080000000,\xC5,,
1.908329600000000,\xDC,,
1.908424960000000,\xD5,,
1.908520320000000,\xDC,,
1.908615680000000,U,,
1.908711040000000,\xDC,,
1.908806560000000,\xC5,,
1.908901920000000,\xDC,,
1.908997280000000,\xD5,,
1.909092640000000,\xDC,,
1.909188000000000,U,,
1.909283520000000,\xDC,,
1.909378880000000,\xC5,,
1.909474240000000,\xDC,,
1.909569600000000,\xD5,,
1.909664960000000,\xDC,,
1.909760320000000,U,,
1.909855840000000,\xDC,,
1.909951200000000,\x05,,
1.910046560000000,\xDC,,
1.910141920000000,\x05,,
1.910237280000000,\x94,,
1.910332800000000,\xEC,,
1.911375520000000, ,,
1.911470880000000,@,,
1.911566400000000,\xD5,,
1.911661760000000,\xC5,,
1.911757120000000,\xEB,,
1.911852480000000,\xD5,,
1.911947840000000,E,,
1.912043200000000,U,,
1.912138720000000,\xA8,,
1.912234080000000,\xC5,,
1.912329440000000,\xDC,,
1.912424800000000,\xD5,,
1.912520160000000,\xDC,,
1.912615680000000,U,,
1.912711040000000,\xDC,,
1.912806400000000,\xC5,,
1.912901760000000,\xDC,,
1.912997120000000,\xD5,,
1.913092640000000,\xDC,,
1.913188000000000,U,,
1.913283360000000,\xDC,,
1.913378720000000,\xC5,,
1.913474080000000,\xDC,,
1.913569440000000,\xD5,,
1.913664960000000,\xDC,,
1.913760320000000,U,,
1.913855680000000,\xDC,,
1.913951040000000,\x05,,
1.914046400000000,\xDC,,
1.914141920000000,\x05,,
1.914237280000000,\x94,,
1.914332640000000,\xEC,,
1.915375520000000, ,,
1.915470880000000,@,,
1.915566240000000,\xD5,,
1.915661600000000,\xC5,,
1.915756960000000,\xEB,,
1.915852480000000,\xD5,,
1.915947840000000,E,,
1.916043200000000,U,,
1.916138560000000,\xA8,,
1.916233920000000,\xC5,,
1.916329440000000,\xDC,,
1.916424800000000,\xD5,,
1.916520160000000,\xDC,,
1.916615520000000,U,,
1.916710880000000,\xDC,,
1.916806240000000,\xC5,,
1.916901760000000,\xDC,,
1.916997120000000,\xD5,,
1.917092480000000,\xDC,,
1.917187840000000,U,,
1.917283200000000,\xDC,,
1.917378720000000,\xC5,,
1.917474080000000,\xDC,,
1.917569440000000,\xD5,,
1.917664800000000,\xDC,,
1.917760160000000,U,,
1.917855520000000,\xDC,,
1.917951040000000,\x05,,
1.918046400000000,\xDC,,
1.918141760000000,\x05,,
1.918237120000000,\x94,,
1.918332480000000,\xEC,,
1.919375520000000, ,,
1.919470880000000,@,,
1.919566240000000,\xD5,,
1.919661600000000,\xC5,,
1.919756960000000,\xEA,,
1.919852320000000,\xD5,,
1.919947840000000,E,,
1.920043200000000,U,,
1.920138560000000,\xA8,,
1.920233920000000,\xC5,,
1.920329280000000,\xDC,,
1.920424800000000,\xD5,,
1.920520160000000,\xDC,,
1.920615520000000,U,,
1.920710880000000,\xDC,,
1.920806240000000,\xC5,,
1.920901600000000,\xDC,,
1.920997120000000,\xD5,,
1.921092480000000,\xDC,,
1.921187840000000,U,,
1.921283200000000,\xDC,,
1.921378560000000,\xC5,,
1.921474080000000,\xDC,,
1.921569440000000,\xD5,,
1.921664800000000,\xDC,,
1.921760160000000,U,,
1.921855520000000,\xDC,,
1.921950880000000,\x05,,
1.922046400000000,\xDC,,
1.922141760000000,\x05,,
1.922237120000000,\x95,,
1.922332480000000,\xEC,,
1.923375360000000, ,,
1.923470720000000,@,,
1.923566240000000,\xD5,,
1.923661600000000,\xC5,,
1.923756960000000,\xEA,,
1.923852320000000,\xD5,,
1.923947680000000,E,,
1.924043040000000,U,,
1.924138560000000,\xA8,,
1.924233920000000,\xC5,,
1.924329280000000,\xDC,,
1.924424640000000,\xD5,,
1.924520000000000,\xDC,,
1.924615360000000,U,,
1.924710880000000,\xDC,,
1.924806240000000,\xC5,,
1.924901600000000,\xDC,,
1.924996960000000,\xD5,,
1.925092320000000,\xDC,,
1.925187840000000,U,,
1.925283200000000,\xDC,,
1.925378560000000,\xC5,,
1.925473920000000,\xDC,,
1.925569280000000,\xD5,,
1.925664640000000,\xDC,,
1.925760160000000,U,,
1.925855520000000,\xDC,,
1.925950880000000,\x05,,
1.926046240000000,\xDC,,
1.926141600000000,\x05,,
1.926237120000000,\x95,,
1.926332480000000,\xEC,,
1.927375360000000, ,,
1.927470720000000,@,,
1.927566080000000,\xD5,,
1.927661440000000,\xC5,,
1.927756800000000,\xEA,,
1.927852160000000,\xD5,,
1.927947680000000,E,,
1.928043040000000,U,,
1.928138400000000,\xA8,,
1.928233760000000,\xC5,,
1.928329120000000,\xDC,,
1.928424640000000,\xD5,,
1.928520000000000,\xDC,,
1.928615360000000,U,,
1.928710720000000,\xDC,,
1.928806080000000,\xC5,,
1.928901440000000,\xDC,,
1.928996960000000,\xD5,,
1.929092320000000,\xDC,,
1.929187680000000,U,,
1.929283040000000,\xDC,,
1.929378400000000,\xC5,,
1.929473760000000,\xDC,,
1.929569280000000,\xD5,,
1.929664640000000,\xDC,,
1.929760000000000,U,,
1.929855360000000,\xDC,,
1.929950720000000,\x05,,
1.930046240000000,\xDC,,
1.930141600000000,\x05,,
1.930236960000000,\x95,,
1.930332320000000,\xEC,,
1.931375200000000, ,,
1.931470560000000,@,,
1.931566080000000,\xD5,,
1.931661440000000,\xC5,,
1.931756800000000,\xEA,,
1.931852160000000,\xD5,,
1.931947520000000,E,,
1.932042880000000,U,,
1.932138400000000,\xA8,,
1.932233760000000,\xC5,,
1.932329120000000,\xDC,,
1.932424480000000,\xD5,,
1.932519840000000,\xDC,,
1.932615360000000,U,,
1.932710720000000,\xDC,,
1.932806080000000,\xC5,,
1.932901440000000,\xDC,,
1.932996800000000,\xD5,,
1.933092320000000,\xDC,,
1.933187680000000,U,,
1.933283040000000,\xDC,,
1.933378400000000,\xC5,,
1.933473760000000,\xDC,,
1.933569120000000,\xD5,,
1.933664640000000,\xDC,,
1.933760000000000,U,,
1.933855360000000,\xDC,,
1.933950720000000,\x05,,
1.934046080000000,\xDC,,
1.934141600000000,\x05,,
1.934236960000000,\x95,,
1.934332320000000,\xEC,,
1.935375680000000, ,,
1.935471040000000,@,,
1.935566400000000,\xD5,,
1.935661760000000,\xC5,,
1.935757120000000,\xEA,,
1.935852640000000,\xD5,,
1.935948000000000,E,,
1.936043360000000,U,,
1.936138720000000,\xA8,,
1.936234080000000,\xC5,,
1.936329600000000,\xDC,,
1.936424960000000,\xD5,,
1.936520320000000,\xDC,,
1.936615680000000,U,,
1.936711040000000,\xDC,,
1.936806400000000,\xC5,,
1.936901920000000,\xDC,,
1.936997280000000,\xD5,,
1.937092640000000,\xDC,,
1.937188000000000,U,,
1.937283360000000,\xDC,,
1.937378720000000,\xC5,,
1.937474240000000,\xDC,,
1.937569600000000,\xD5,,
1.937664960000000,\xDC,,
1.937760320000000,U,,
1.937855680000000,\xDC,,
1.937951200000000,\x05,,
1.938046560000000,\xDC,,
1.938141920000000,\x05,,
1.938237280000000,\x95,,
1.938332640000000,\xEC,,
1.939390560000000, ,,
1.939485920000000,@,,
1.939581440000000,\xD5,,
1.939676800000000,\xC5,,
1.939772160000000,\xEA,,
1.939867520000000,\xD5,,
1.939962880000000,E,,
1.940058240000000,U,,
1.940153760000000,\xA8,,
1.940249120000000,\xC5,,
1.940344480000000,\xDC,,
1.940439840000000,\xD5,,
1.940535200000000,\xDC,,
1.940630720000000,U,,
1.940726080000000,\xDC,,
1.940821440000000,\xC5,,
1.940916800000000,\xDC,,
1.941012160000000,\xD5,,
1.941107680000000,\xDC,,
1.941203040000000,U,,
1.941298400000000,\xDC,,
1.941393760000000,\xC5,,
1.941489120000000,\xDC,,
1.941584480000000,\xD5,,
1.941680000000000,\xDC,,
1.941775360000000,U,,
1.941870720000000,\xDC,,
1.941966080000000,\x05,,
1.942061440000000,\xDC,,
1.942156960000000,\x05,,
1.942252320000000,\x95,,
1.942347680000000,\xEC,,
1.943375040000000, ,,
1.943470400000000,@,,
1.943565760000000,\xD5,,
1.943661120000000,\xC5,,
1.943756640000000,\xEA,,
1.943852000000000,\xD5,,
1.943947360000000,E,,
1.944042720000000,U,,
1.944138080000000,\xA8,,
1.944233600000000,\xC5,,
1.944328960000000,\xDC,,
1.944424320000000,\xD5,,
1.944519680000000,\xDC,,
1.944615040000000,U,,
1.944710400000000,\xDC,,
1.944805920000000,\xC5,,
1.944901280000000,\xDC,,
1.944996640000000,\xD5,,
1.945092000000000,\xDC,,
1.945187360000000,U,,
1.945282880000000,\xDC,,
1.945378240000000,\xC5,,
1.945473600000000,\xDC,,
1.945568960000000,\xD5,,
1.945664320000000,\xDC,,
1.945759680000000,U,,
1.945855200000000,\xDC,,
1.945950560000000,\x05,,
1.946045920000000,\xDC,,
1.946141280000000,\x05,,
1.946236640000000,\x95,,
1.946332000000000,\xEC,,
1.947375040000000, ,,
1.947470400000000,@,,
1.947565760000000,\xD5,,
1.947661120000000,\xC5,,
1.947756480000000,\xEA,,
1.947851840000000,\xD5,,
1.947947360000000,E,,
1.948042720000000,U,,
1.948138080000000,\xA8,,
1.948233440000000,\xC5,,
1.948328800000000,\xDC,,
1.948424320000000,\xD5,,
1.948519680000000,\xDC,,
1.948615040000000,U,,
1.948710400000000,\xDC,,
1.948805760000000,\xC5,,
1.948901120000000,\xDC,,
1.948996640000000,\xD5,,
1.949092000000000,\xDC,,
1.949187360000000,U,,
1.949282720000000,\xDC,,
1.949378080000000,\xC5,,
1.949473440000000,\xDC,,
1.949568960000000,\xD5,,
1.949664320000000,\xDC,,
1.949759680000000,U,,
1.949855040000000,\xDC,,
1.949950400000000,\x05,,
1.950045920000000,\xDC,,
1.950141280000000,\x05,,
1.950236640000000,\x95,,
1.950332000000000,\xEC,,
1.951374880000000, ,,
1.951470240000000,@,,
1.951565600000000,\xD5,,
1.951660960000000,\xC5,,
1.951756480000000,\xEA,,
1.951851840000000,\xD5,,
1.951947200000000,E,,
1.952042560000000,U,,
1.952137920000000,\xA8,,
1.952233440000000,\xC5,,
1.952328800000000,\xDC,,
1.952424160000000,\xD5,,
1.952519520000000,\xDC,,
1.952614880000000,U,,
1.952710240000000,\xDC,,
1.952805760000000,\xC5,,
1.952901120000000,\xDC,,
1.952996480000000,\xD5,,
1.953091840000000,\xDC,,
1.953187200000000,U,,
1.953282560000000,\xDC,,
1.953378080000000,\xC5,,
1.953473440000000,\xDC,,
1.953568800000000,\xD5,,
1.953664160000000,\xDC,,
1.953759520000000,U,,
1.953855040000000,\xDC,,
1.953950400000000,\x05,,
1.954045760000000,\xDC,,
1.954141120000000,\x05,,
1.954236480000000,\x95,,
1.954331840000000,\xEC,,
1.955379680000000, ,,
1.955475040000000,@,,
1.955570400000000,\xD5,,
1.955665920000000,\xC5,,
1.955761280000000,\xEA,,
1.955856640000000,\xD5,,
1.955952000000000,E,,
1.956047360000000,U,,
1.956142720000000,\xA8,,
1.956238240000000,\xC5,,
1.956333600000000,\xDC,,
1.956428960000000,\xD5,,
1.956524320000000,\xDC,,
1.956619680000000,U,,
1.956715200000000,\xDC,,
1.956810560000000,\xC5,,
1.956905920000000,\xDC,,
1.957001280000000,\xD5,,
1.957096640000000,\xDC,,
1.957192000000000,U,,
1.957287520000000,\xDC,,
1.957382880000000,\xC5,,
1.957478240000000,\xDC,,
1.957573600000000,\xD5,,
1.957668960000000,\xDC,,
1.957764480000000,U,,
1.957859840000000,\xDC,,
1.957955200000000,\x05,,
1.958050560000000,\xDC,,
1.958145920000000,\x05,,
1.958241280000000,\x95,,
1.958336800000000,\xEC,,
1.959374720000000, ,,
1.959470240000000,@,,
1.959565600000000,\xD5,,
1.959660960000000,\xC5,,
1.959756320000000,\xEA,,
1.959851680000000,\xD5,,
1.959947040000000,E,,
1.960042560000000,U,,
1.960137920000000,\xA8,,
1.960233280000000,\xC5,,
1.960328640000000,\xDC,,
1.960424000000000,\xD5,,
1.960519520000000,\xDC,,
1.960614880000000,U,,
1.960710240000000,\xDC,,
1.960805600000000,\xC5,,
1.960900960000000,\xDC,,
1.960996320000000,\xD5,,
1.961091840000000,\xDC,,
1.961187200000000,U,,
1.961282560000000,\xDC,,
1.961377920000000,\xC5,,
1.961473280000000,\xDC,,
1.961568640000000,\xD5,,
1.961664160000000,\xDC,,
1.961759520000000,U,,
1.961854880000000,\xDC,,
1.961950240000000,\x05,,
1.962045600000000,\xDC,,
1.962141120000000,\x05,,
1.962236480000000,\x95,,
1.962331840000000,\xEC,,
1.963374720000000, ,,
1.963470080000000,@,,
1.963565440000000,\xD5,,
1.963660800000000,\xC5,,
1.963756160000000,\xEA,,
1.963851520000000,\xD5,,
1.963947040000000,E,,
1.964042400000000,U,,
1.964137760000000,\xA8,,
1.964233120000000,\xC5,,
1.964328480000000,\xDC,,
1.964423840000000,\xD5,,
1.964519360000000,\xDC,,
1.964614720000000,U,,
1.964710080000000,\xDC,,
1.964805440000000,\xC5,,
1.964900800000000,\xDC,,
1.964996320000000,\xD5,,
1.965091680000000,\xDC,,
1.965187040000000,U,,
1.965282400000000,\xDC,,
1.965377760000000,\xC5,,
1.965473120000000,\xDC,,
1.965568640000000,\xD5,,
1.965664000000000,\xDC,,
1.965759360000000,U,,
1.965854720000000,\xDC,,
1.965950080000000,\x05,,
1.966045600000000,\xDC,,
1.966140960000000,\x05,,
1.966236320000000,\x95,,
1.966331680000000,\xEC,,
1.967374560000000, ,,
1.967469920000000,@,,
1.967565280000000,\xD5,,
1.967660800000000,\xC5,,
1.967756160000000,\xEA,,
1.967851520000000,\xD5,,
1.967946880000000,E,,
1.968042240000000,U,,
1.968137760000000,\xA8,,
1.968233120000000,\xC5,,
1.968328480000000,\xDC,,
1.968423840000000,\xD5,,
1.968519200000000,\xDC,,
1.968614560000000,U,,
1.968710080000000,\xDC,,
1.968805440000000,\xC5,,
1.968900800000000,\xDC,,
1.968996160000000,\xD5,,
1.969091520000000,\xDC,,
1.969187040000000,U,,
1.969282400000000,\xDC,,
1.969377760000000,\xC5,,
1.969473120000000,\xDC,,
1.969568480000000,\xD5,,
1.969663840000000,\xDC,,
1.969759360000000,U,,
1.969854720000000,\xDC,,
1.969950080000000,\x05,,
1.970045440000000,\xDC,,
1.970140800000000,\x05,,
1.970236160000000,\x95,,
1.970331680000000,\xEC,,
1.971374560000000, ,,
1.971469920000000,@,,
1.971565280000000,\xD5,,
1.971660640000000,\xC5,,
1.971756160000000,\xEA,,
1.971851520000000,\xD5,,
1.971946880000000,E,,
1.972042240000000,U,,
1.972137600000000,\xA8,,
1.972233120000000,\xC5,,
1.972328480000000,\xDC,,
1.972423840000000,\xD5,,
1.972519200000000,\xDC,,
1.972614560000000,U,,
1.972709920000000,\xDC,,
1.972805440000000,\xC5,,
1.972900800000000,\xDC,,
1.972996160000000,\xD5,,
1.973091520000000,\xDC,,
1.973186880000000,U,,
1.973282400000000,\xDC,,
1.973377760000000,\xC5,,
1.973473120000000,\xDC,,
1.973568480000000,\xD5,,
1.973663840000000,\xDC,,
1.973759200000000,U,,
1.973854720000000,\xDC,,
1.973950080000000,\x05,,
1.974045440000000,\xDC,,
1.974140800000000,\x05,,
1.974236160000000,\x95,,
1.974331520000000,\xEC,,
1.975374400000000, ,,
1.975469920000000,@,,
1.975565280000000,\xD5,,
1.975660640000000,\xC5,,
1.975756000000000,\xEA,,
1.975851360000000,\xD5,,
1.975946880000000,E,,
1.976042240000000,U,,
1.976137600000000,\xA8,,
1.976232960000000,\xC5,,
1.976328320000000,\xDC,,
1.976423680000000,\xD5,,
1.976519200000000,\xDC,,
1.976614560000000,U,,
1.976709920000000,\xDC,,
1.976805280000000,\xC5,,
1.976900640000000,\xDC,,
1.976996160000000,\xD5,,
1.977091520000000,\xDC,,
1.977186880000000,U,,
1.977282240000000,\xDC,,
1.977377600000000,\xC5,,
1.977472960000000,\xDC,,
1.977568480000000,\xD5,,
1.977663840000000,\xDC,,
1.977759200000000,U,,
1.977854560000000,\xDC,,
1.977949920000000,\x05,,
1.978045440000000,\xDC,,
1.978140800000000,\x05,,
1.978236160000000,\x95,,
1.978331520000000,\xEC,,
1.979374400000000, ,,
1.979469760000000,@,,
1.979565120000000,\xD5,,
1.979660480000000,\xC5,,
1.979755840000000,\xEA,,
1.979851360000000,\xD5,,
1.979946720000000,E,,
1.980042080000000,U,,
1.980137440000000,\xA8,,
1.980232800000000,\xC5,,
1.980328320000000,\xDC,,
1.980423680000000,\xD5,,
1.980519040000000,\xDC,,
1.980614400000000,U,,
1.980709760000000,\xDC,,
1.980805280000000,\xC5,,
1.980900640000000,\xDC,,
1.980996000000000,\xD5,,
1.981091360000000,\xDC,,
1.981186720000000,U,,
1.981282080000000,\xDC,,
1.981377600000000,\xC5,,
1.981472960000000,\xDC,,
1.981568320000000,\xD5,,
1.981663680000000,\xDC,,
1.981759040000000,U,,
1.981854560000000,\xDC,,
1.981949920000000,\x05,,
1.982045280000000,\xDC,,
1.982140640000000,\x05,,
1.982236000000000,\x95,,
1.982331360000000,\xEC,,
1.983384000000000, ,,
1.983479360000000,@,,
1.983574720000000,\xD5,,
1.983670080000000,\xC5,,
1.983765440000000,\xEA,,
1.983860960000000,\xD5,,
1.983956320000000,E,,
1.984051680000000,U,,
1.984147040000000,\xA8,,
1.984242400000000,\xC5,,
1.984337760000000,\xDC,,
1.984433280000000,\xD5,,
1.984528640000000,\xDC,,
1.984624000000000,U,,
1.984719360000000,\xDC,,
1.984814720000000,\xC5,,
1.984910240000000,\xDC,,
1.985005600000000,\xD5,,
1.985100960000000,\xDC,,
1.985196320000000,U,,
1.985291680000000,\xDC,,
1.985387200000000,\xC5,,
1.985482560000000,\xDC,,
1.985577920000000,\xD5,,
1.985673280000000,\xDC,,
1.985768640000000,U,,
1.985864000000000,\xDC,,
1.985959520000000,\x05,,
1.986054880000000,\xDC,,
1.986150240000000,\x05,,
1.986245600000000,\x95,,
1.986340960000000,\xEC,,
1.987387680000000, ,,
1.987483040000000,@,,
1.987578400000000,\xD5,,
1.987673760000000,\xC5,,
1.987769280000000,\xEA,,
1.987864640000000,\xD5,,
1.987960000000000,E,,
1.988055360000000,U,,
1.988150720000000,\xA8,,
1.988246080000000,\xC5,,
1.988341600000000,\xDC,,
1.988436960000000,\xD5,,
1.988532320000000,\xDC,,
1.988627680000000,U,,
1.988723040000000,\xDC,,
1.988818560000000,\xC5,,
1.988913920000000,\xDC,,
1.989009280000000,\xD5,,
1.989104640000000,\xDC,,
1.989200000000000,U,,
1.989295360000000,\xDC,,
1.989390880000000,\xC5,,
1.989486240000000,\xDC,,
1.989581600000000,\xD5,,
1.989676960000000,\xDC,,
1.989772320000000,U,,
1.989867840000000,\xDC,,
1.989963200000000,\x05,,
1.990058560000000,\xDC,,
1.990153920000000,\x05,,
1.990249280000000,\x95,,
1.990344800000000,\xEC,,
1.991382560000000, ,,
1.991477920000000,@,,
1.991573280000000,\xD5,,
1.991668640000000,\xC5,,
1.991764160000000,\xEA,,
1.991859520000000,\xD5,,
1.991954880000000,E,,
1.992050240000000,U,,
1.992145600000000,\xA8,,
1.992241120000000,\xC5,,
1.992336480000000,\xDC,,
1.992431840000000,\xD5,,
1.992527200000000,\xDC,,
1.992622560000000,U,,
1.992717920000000,\xDC,,
1.992813440000000,\xC5,,
1.992908800000000,\xDC,,
1.993004160000000,\xD5,,
1.993099520000000,\xDC,,
1.993194880000000,U,,
1.993290240000000,\xDC,,
1.993385760000000,\xC5,,
1.993481120000000,\xDC,,
1.993576480000000,\xD5,,
1.993671840000000,\xDC,,
1.993767200000000,U,,
1.993862720000000,\xDC,,
1.993958080000000,\x05,,
1.994053440000000,\xDC,,
1.994148800000000,\x05,,
1.994244160000000,\x95,,
1.994339520000000,\xEC,,
1.995374080000000, ,,
1.995469440000000,@,,
1.995564800000000,\xD5,,
1.995660320000000,\xC5,,
1.995755680000000,\xEA,,
1.995851040000000,\xD5,,
1.995946400000000,E,,
1.996041760000000,U,,
1.996137280000000,\xA8,,
1.996232640000000,\xC5,,
1.996328000000000,\xDC,,
1.996423360000000,\xD5,,
1.996518720000000,\xDC,,
1.996614080000000,U,,
1.996709600000000,\xDC,,
1.996804960000000,\xC5,,
1.996900320000000,\xDC,,
1.996995680000000,\xD5,,
1.997091040000000,\xDC,,
1.997186400000000,U,,
1.997281920000000,\xDC,,
1.997377280000000,\xC5,,
1.997472640000000,\xDC,,
1.997568000000000,\xD5,,
1.997663360000000,\xDC,,
1.997758880000000,U,,
1.997854240000000,\xDC,,
1.997949600000000,\x05,,
1.998044960000000,\xDC,,
1.998140320000000,\x05,,
1.998235680000000,\x95,,
1.998331200000000,\xEC,,
1.999374080000000, ,,
1.999469440000000,@,,
1.999564800000000,\xD5,,
1.999660160000000,\xC5,,
1.999755520000000,\xEA,,
1.999851040000000,\xD5,,
1.999946400000000,E,,
2.000041760000000,U,,
2.000137120000000,\xA8,,
2.000232480000000,\xC5,,
2.000327840000000,\xDC,,
2.000423360000000,\xD5,,
2.000518720000000,\xDC,,
2.000614080000000,U,,
2.000709440000000,\xDC,,
2.000804800000000,\xC5,,
2.000900320000000,\xDC,,
2.000995680000000,\xD5,,
2.001091040000000,\xDC,,
2.001186400000000,U,,
2.001281760000000,\xDC,,
2.001377120000000,\xC5,,
2.001472640000000,\xDC,,
2.001568000000000,\xD5,,
2.001663360000000,\xDC,,
2.001758720000000,U,,
2.001854080000000,\xDC,,
2.001949600000000,\x05,,
2.002044960000000,\xDC,,
2.002140320000000,\x05,,
2.002235680000000,\x95,,
2.002331040000000,\xEC,,
2.003393120000000, ,,
2.003488480000000,@,,
2.003583840000000,\xD5,,
2.003679200000000,\xC5,,
2.003774560000000,\xEA,,
2.003870080000000,\xD5,,
2.003965440000000,E,,
2.004060800000000,U,,
2.004156160000000,\xA8,,
2.004251520000000,\xC5,,
2.004346880000000,\xDC,,
2.004442400000000,\xD5,,
2.004537760000000,\xDC,,
2.004633120000000,U,,
2.004728480000000,\xDC,,
2.004823840000000,\xC5,,
2.004919360000000,\xDC,,
2.005014720000000,\xD5,,
2.005110080000000,\xDC,,
2.005205440000000,U,,
2.005300800000000,\xDC,,
2.005396160000000,\xC5,,
2.005491680000000,\xDC,,
2.005587040000000,\xD5,,
2.005682400000000,\xDC,,
2.005777760000000,U,,
2.005873120000000,\xDC,,
2.005968640000000,\x05,,
2.006064000000000,\xDC,,
2.006159360000000,\x05,,
2.006254720000000,\x95,,
2.006350080000000,\xEC,,
2.007373920000000, ,,
2.007469280000000,@,,
2.007564640000000,\xD5,,
2.007660000000000,\xC5,,
2.007755520000000,\xEA,,
2.007850880000000,\xD5,,
2.007946240000000,E,,
2.008041600000000,U,,
2.008136960000000,\xA8,,
2.008232320000000,\xC5,,
2.008327840000000,\xDC,,
2.008423200000000,\xD5,,
2.008518560000000,\xDC,,
2.008613920000000,U,,
2.008709280000000,\xDC,,
2.008804800000000,\xC5,,
2.008900160000000,\xDC,,
2.008995520000000,\xD5,,
2.009090880000000,\xDC,,
2.009186240000000,U,,
2.009281600000000,\xDC,,
2.009377120000000,\xC5,,
2.009472480000000,\xDC,,
2.009567840000000,\xD5,,
2.009663200000000,\xDC,,
2.009758560000000,U,,
2.009854080000000,\xDC,,
2.009949440000000,\x05,,
2.010044800000000,\xDC,,
2.010140160000000,\x05,,
2.010235520000000,\x95,,
2.010330880000000,\xEC,,
2.011373760000000, ,,
2.011469280000000,@,,
2.011564640000000,\xD5,,
2.011660000000000,\xC5,,
2.011755360000000,\xEA,,
2.011850720000000,\xD5,,
2.011946080000000,E,,
2.012041600000000,U,,
2.012136960000000,\xA8,,
2.012232320000000,\xC5,,
2.012327680000000,\xDC,,
2.012423040000000,\xD5,,
2.012518560000000,\xDC,,
2.012613920000000,U,,
2.012709280000000,\xDC,,
2.012804640000000,\xC5,,
2.012900000000000,\xDC,,
2.012995360000000,\xD5,,
2.013090880000000,\xDC,,
2.013186240000000,U,,
2.013281600000000,\xDC,,
2.013376960000000,\xC5,,
2.013472320000000,\xDC,,
2.013567680000000,\xD5,,
2.013663200000000,\xDC,,
2.013758560000000,U,,
2.013853920000000,\xDC,,
2.013949280000000,\x05,,
2.014044640000000,\xDC,,
2.014140160000000,\x05,,
2.014235520000000,\x95,,
2.014330880000000,\xEC,,
2.015373760000000, ,,
2.015469120000000,@,,
2.015564480000000,\xD5,,
2.015660000000000,\xC5,,
2.015755360000000,\xEA,,
2.015850720000000,\xD5,,
2.015946080000000,E,,
2.016041440000000,U,,
2.016136960000000,\xA8,,
2.016232320000000,\xC5,,
2.016327680000000,\xDC,,
2.016423040000000,\xD5,,
2.016518400000000,\xDC,,
2.016613760000000,U,,
2.016709280000000,\xDC,,
2.016804640000000,\xC5,,
2.016900000000000,\xDC,,
2.016995360000000,\xD5,,
2.017090720000000,\xDC,,
2.017186080000000,U,,
2.017281600000000,\xDC,,
2.017376960000000,\xC5,,
2.017472320000000,\xDC,,
2.017567680000000,\xD5,,
2.017663040000000,\xDC,,
2.017758560000000,U,,
2.017853920000000,\xDC,,
2.017949280000000,\x05,,
2.018044640000000,\xDC,,
2.018140000000000,\x05,,
2.018235360000000,\x95,,
2.018330880000000,\xEC,,
2.019375200000000, ,,
2.019470560000000,@,,
2.019565920000000,\xD5,,
2.019661280000000,\xC5,,
2.019756640000000,\xEA,,
2.019852160000000,\xD5,,
2.019947520000000,E,,
2.020042880000000,U,,
2.020138240000000,\xA8,,
2.020233600000000,\xC5,,
2.020328960000000,\xDC,,
2.020424480000000,\xD5,,
2.020519840000000,\xDC,,
2.020615200000000,U,,
2.020710560000000,\xDC,,
2.020805920000000,\xC5,,
2.020901440000000,\xDC,,
2.020996800000000,\xD5,,
2.021092160000000,\xDC,,
2.021187520000000,U,,
2.021282880000000,\xDC,,
2.021378240000000,\xC5,,
2.021473760000000,\xDC,,
2.021569120000000,\xD5,,
2.021664480000000,\xDC,,
2.021759840000000,U,,
2.021855200000000,\xDC,,
2.021950560000000,\x05,,
2.022046080000000,\xDC,,
2.022141440000000,\x05,,
2.022236800000000,\x95,,
2.022332160000000,\xEC,,
2.023373600000000, ,,
2.023468960000000,@,,
2.023564320000000,\xD5,,
2.023659840000000,\xC5,,
2.023755200000000,\xEA,,
2.023850560000000,\xD5,,
2.023945920000000,E,,
2.024041280000000,U,,
2.024136800000000,\xA8,,
2.024232160000000,\xC5,,
2.024327520000000,\xDC,,
2.024422880000000,\xD5,,
2.024518240000000,\xDC,,
2.024613600000000,U,,
2.024709120000000,\xDC,,
2.024804480000000,\xC5,,
2.024899840000000,\xDC,,
2.024995200000000,\xD5,,
2.025090560000000,\xDC,,
2.025186080000000,U,,
2.025281440000000,\xDC,,
2.025376800000000,\xC5,,
2.025472160000000,\xDC,,
2.025567520000000,\xD5,,
2.025663040000000,\xDC,,
2.025758400000000,U,,
2.025853760000000,\xDC,,
2.025949120000000,\x05,,
2.026044480000000,\xDC,,
2.026139840000000,\x05,,
2.026235360000000,\x95,,
2.026330720000000,\xEC,,
2.027383840000000, ,,
2.027479200000000,@,,
2.027574720000000,\xD5,,
2.027670080000000,\xC5,,
2.027765440000000,\xEA,,
2.027860800000000,\xD5,,
2.027956160000000,E,,
2.028051520000000,U,,
2.028147040000000,\xA8,,
2.028242400000000,\xC5,,
2.028337760000000,\xDC,,
2.028433120000000,\xD5,,
2.028528480000000,\xDC,,
2.028624000000000,U,,
2.028719360000000,\xDC,,
2.028814720000000,\xC5,,
2.028910080000000,\xDC,,
2.029005440000000,\xD5,,
2.029100800000000,\xDC,,
2.029196320000000,U,,
2.029291680000000,\xDC,,
2.029387040000000,\xC5,,
2.029482400000000,\xDC,,
2.029577760000000,\xD5,,
2.029673280000000,\xDC,,
2.029768640000000,U,,
2.029864000000000,\xDC,,
2.029959360000000,\x05,,
2.030054720000000,\xDC,,
2.030150080000000,\x05,,
2.030245600000000,\x95,,
2.030340960000000,\xEC,,
2.031374880000000, ,,
2.031470240000000,@,,
2.031565760000000,\xD5,,
2.031661120000000,\xC5,,
2.031756480000000,\xEA,,
2.031851840000000,\xD5,,
2.031947200000000,E,,
2.032042560000000,U,,
2.032138080000000,\xA8,,
2.032233440000000,\xC5,,
2.032328800000000,\xDC,,
2.032424160000000,\xD5,,
2.032519520000000,\xDC,,
2.032615040000000,U,,
2.032710400000000,\xDC,,
2.032805760000000,\xC5,,
2.032901120000000,\xDC,,
2.032996480000000,\xD5,,
2.033091840000000,\xDC,,
2.033187360000000,U,,
2.033282720000000,\xDC,,
2.033378080000000,\xC5,,
2.033473440000000,\xDC,,
2.033568800000000,\xD5,,
2.033664320000000,\xDC,,
2.033759680000000,U,,
2.033855040000000,\xDC,,
2.033950400000000,\x05,,
2.034045760000000,\xDC,,
2.034141120000000,\x05,,
2.034236640000000,\x95,,
2.034332000000000,\xEC,,
2.035373440000000, ,,
2.035468800000000,@,,
2.035564160000000,\xD5,,
2.035659520000000,\xC5,,
2.035754880000000,\xEA,,
2.035850400000000,\xD5,,
2.035945760000000,E,,
2.036041120000000,U,,
2.036136480000000,\xA8,,
2.036231840000000,\xC5,,
2.036327200000000,\xDC,,
2.036422720000000,\xD5,,
2.036518080000000,\xDC,,
2.036613440000000,U,,
2.036708800000000,\xDC,,
2.036804160000000,\xC5,,
2.036899680000000,\xDC,,
2.036995040000000,\xD5,,
2.037090400000000,\xDC,,
2.037185760000000,U,,
2.037281120000000,\xDC,,
2.037376480000000,\xC5,,
2.037472000000000,\xDC,,
2.037567360000000,\xD5,,
2.037662720000000,\xDC,,
2.037758080000000,U,,
2.037853440000000,\xDC,,
2.037948800000000,\x05,,
2.038044320000000,\xDC,,
2.038139680000000,\x05,,
2.038235040000000,\x95,,
2.038330400000000,\xEC,,
2.039400480000000, ,,
2.039495840000000,@,,
2.039591360000000,\xD5,,
2.039686720000000,\xC5,,
2.039782080000000,\xEA,,
2.039877440000000,\xD5,,
2.039972800000000,E,,
2.040068320000000,U,,
2.040163680000000,\xA8,,
2.040259040000000,\xC5,,
2.040354400000000,\xDC,,
2.040449760000000,\xD5,,
2.040545120000000,\xDC,,
2.040640640000000,U,,
2.040736000000000,\xDC,,
2.040831360000000,\xC5,,
2.040926720000000,\xDC,,
2.041022080000000,\xD5,,
2.041117600000000,\xDC,,
2.041212960000000,U,,
2.041308320000000,\xDC,,
2.041403680000000,\xC5,,
2.041499040000000,\xDC,,
2.041594400000000,\xD5,,
2.041689920000000,\xDC,,
2.041785280000000,U,,
2.041880640000000,\xDC,,
2.041976000000000,\x05,,
2.042071360000000,\xDC,,
2.042166720000000,\x05,,
2.042262240000000,\x95,,
2.042357600000000,\xEC,,
2.043373280000000, ,,
2.043468640000000,@,,
2.043564000000000,\xD5,,
2.043659360000000,\xC5,,
2.043754880000000,\xEA,,
2.043850240000000,\xD5,,
2.043945600000000,E,,
2.044040960000000,U,,
2.044136320000000,\xA8,,
2.044231680000000,\xC5,,
2.044327200000000,\xDC,,
2.044422560000000,\xD5,,
2.044517920000000,\xDC,,
2.044613280000000,U,,
2.044708640000000,\xDC,,
2.044804160000000,\xC5,,
2.044899520000000,\xDC,,
2.044994880000000,\xD5,,
2.045090240000000,\xDC,,
2.045185600000000,U,,
2.045280960000000,\xDC,,
2.045376480000000,\xC5,,
2.045471840000000,\xDC,,
2.045567200000000,\xD5,,
2.045662560000000,\xDC,,
2.045757920000000,U,,
2.045853280000000,\xDC,,
2.045948800000000,\x05,,
2.046044160000000,\xDC,,
2.046139520000000,\x05,,
2.046234880000000,\x95,,
2.046330240000000,\xEC,,
2.047373120000000, ,,
2.047468480000000,@,,
2.047564000000000,\xD5,,
2.047659360000000,\xC5,,
2.047754720000000,\xEA,,
2.047850080000000,\xD5,,
2.047945440000000,E,,
2.048040960000000,U,,
2.048136320000000,\xA8,,
2.048231680000000,\xC5,,
2.048327040000000,\xDC,,
2.048422400000000,\xD5,,
2.048517920000000,\xDC,,
2.048613280000000,U,,
2.048708640000000,\xDC,,
2.048804000000000,\xC5,,
2.048899360000000,\xDC,,
2.048994720000000,\xD5,,
2.049090240000000,\xDC,,
2.049185600000000,U,,
2.049280960000000,\xDC,,
2.049376320000000,\xC5,,
2.049471680000000,\xDC,,
2.049567200000000,\xD5,,
2.049662560000000,\xDC,,
2.049757920000000,U,,
2.049853280000000,\xDC,,
2.049948640000000,\x05,,
2.050044000000000,\xDC,,
2.050139520000000,\x05,,
2.050234880000000,\x95,,
2.050330240000000,\xEC,,
2.051373120000000, ,,
2.051468480000000,@,,
2.051564000000000,\xD5,,
2.051659360000000,\xC5,,
2.051754720000000,\xEA,,
2.051850080000000,\xD5,,
2.051945440000000,E,,
2.052040960000000,U,,
2.052136320000000,\xA8,,
2.052231680000000,\xC5,,
2.052327040000000,\xDC,,
2.052422400000000,\xD5,,
2.052517760000000,\xDC,,
2.052613280000000,U,,
2.052708640000000,\xDC,,
2.052804000000000,\xC5,,
2.052899360000000,\xDC,,
2.052994720000000,\xD5,,
2.053090240000000,\xDC,,
2.053185600000000,U,,
2.053280960000000,\xDC,,
2.053376320000000,\xC5,,
2.053471680000000,\xDC,,
2.053567040000000,\xD5,,
2.053662560000000,\xDC,,
2.053757920000000,U,,
2.053853280000000,\xDC,,
2.053948640000000,\x05,,
2.054044000000000,\xDC,,
2.054139360000000,\x05,,
2.054234880000000,\x95,,
2.054330240000000,\xEC,,
2.055373120000000, ,,
2.055468480000000,@,,
2.055563840000000,\xD5,,
2.055659200000000,\xC5,,
2.055754560000000,\xEA,,
2.055849920000000,\xD5,,
2.055945440000000,E,,
2.056040800000000,U,,
2.056136160000000,\xA8,,
2.056231520000000,\xC5,,
2.056326880000000,\xDC,,
2.056422400000000,\xD5,,
2.056517760000000,\xDC,,
2.056613120000000,U,,
2.056708480000000,\xDC,,
2.056803840000000,\xC5,,
2.056899200000000,\xDC,,
2.056994720000000,\xD5,,
2.057090080000000,\xDC,,
2.057185440000000,U,,
2.057280800000000,\xDC,,
2.057376160000000,\xC5,,
2.057471520000000,\xDC,,
2.057567040000000,\xD5,,
2.057662400000000,\xDC,,
2.057757760000000,U,,
2.057853120000000,\xDC,,
2.057948480000000,\x05,,
2.058044000000000,\xDC,,
2.058139360000000,\x05,,
2.058234720000000,\x95,,
2.058330080000000,\xEC,,
2.059372960000000, ,,
2.059468320000000,@,,
2.059563840000000,\xD5,,
2.059659200000000,\xC5,,
2.059754560000000,\xEA,,
2.059849920000000,\xD5,,
2.059945280000000,E,,
2.060040640000000,U,,
2.060136160000000,\xA8,,
2.060231520000000,\xC5,,
2.060326880000000,\xDC,,
2.060422240000000,\xD5,,
2.060517600000000,\xDC,,
2.060612960000000,U,,
2.060708480000000,\xDC,,
2.060803840000000,\xC5,,
2.060899200000000,\xDC,,
2.060994560000000,\xD5,,
2.061089920000000,\xDC,,
2.061185440000000,U,,
2.061280800000000,\xDC,,
2.061376160000000,\xC5,,
2.061471520000000,\xDC,,
2.061566880000000,\xD5,,
2.061662240000000,\xDC,,
2.061757760000000,U,,
2.061853120000000,\xDC,,
2.061948480000000,\x05,,
2.062043840000000,\xDC,,
2.062139200000000,\x05,,
2.062234560000000,\x95,,
2.062330080000000,\xEC,,
2.063372960000000, ,,
2.063468320000000,@,,
2.063563680000000,\xD5,,
2.063659040000000,\xC5,,
2.063754400000000,\xEA,,
2.063849920000000,\xD5,,
2.063945280000000,E,,
2.064040640000000,U,,
2.064136000000000,\xA8,,
2.064231360000000,\xC5,,
2.064326880000000,\xDC,,
2.064422240000000,\xD5,,
2.064517600000000,\xDC,,
2.064612960000000,U,,
2.064708320000000,\xDC,,
2.064803680000000,\xC5,,
2.064899200000000,\xDC,,
2.064994560000000,\xD5,,
2.065089920000000,\xDC,,
2.065185280000000,U,,
2.065280640000000,\xDC,,
2.065376160000000,\xC5,,
2.065471520000000,\xDC,,
2.065566880000000,\xD5,,
2.065662240000000,\xDC,,
2.065757600000000,U,,
2.065852960000000,\xDC,,
2.065948480000000,\x05,,
2.066043840000000,\xDC,,
2.066139200000000,\x05,,
2.066234560000000,\x95,,
2.066329920000000,\xEC,,
2.067372800000000, ,,
2.067468160000000,@,,
2.067563680000000,\xD5,,
2.067659040000000,\xC5,,
2.067754400000000,\xEA,,
2.067849760000000,\xD5,,
2.067945120000000,E,,
2.068040640000000,U,,
2.068136000000000,\xA8,,
2.068231360000000,\xC5,,
2.068326720000000,\xDC,,
2.068422080000000,\xD5,,
2.068517440000000,\xDC,,
2.068612960000000,U,,
2.068708320000000,\xDC,,
2.068803680000000,\xC5,,
2.068899040000000,\xDC,,
2.068994400000000,\xD5,,
2.069089920000000,\xDC,,
2.069185280000000,U,,
2.069280640000000,\xDC,,
2.069376000000000,\xC5,,
2.069471360000000,\xDC,,
2.069566720000000,\xD5,,
2.069662240000000,\xDC,,
2.069757600000000,U,,
2.069852960000000,\xDC,,
2.069948320000000,\x05,,
2.070043680000000,\xDC,,
2.070139200000000,\x05,,
2.070234560000000,\x95,,
2.070329920000000,\xEC,,
2.071372800000000, ,,
2.071468160000000,@,,
2.071563520000000,\xD5,,
2.071658880000000,\xC5,,
2.071754240000000,\xEA,,
2.071849760000000,\xD5,,
2.071945120000000,E,,
2.072040480000000,U,,
2.072135840000000,\xA8,,
2.072231200000000,\xC5,,
2.072326720000000,\xDC,,
2.072422080000000,\xD5,,
2.072517440000000,\xDC,,
2.072612800000000,U,,
2.072708160000000,\xDC,,
2.072803520000000,\xC5,,
2.072899040000000,\xDC,,
2.072994400000000,\xD5,,
2.073089760000000,\xDC,,
2.073185120000000,U,,
2.073280480000000,\xDC,,
2.073376000000000,\xC5,,
2.073471360000000,\xDC,,
2.073566720000000,\xD5,,
2.073662080000000,\xDC,,
2.073757440000000,U,,
2.073852800000000,\xDC,,
2.073948320000000,\x05,,
2.074043680000000,\xDC,,
2.074139040000000,\x05,,
2.074234400000000,\x95,,
2.074329760000000,\xEC,,
2.075372640000000, ,,
2.075468160000000,@,,
2.075563520000000,\xD5,,
2.075658880000000,\xC5,,
2.075754240000000,\xEA,,
2.075849600000000,\xD5,,
2.075945120000000,E,,
2.076040480000000,U,,
2.076135840000000,\xA8,,
2.076231200000000,\xC5,,
2.076326560000000,\xDC,,
2.076421920000000,\xD5,,
2.076517440000000,\xDC,,
2.076612800000000,U,,
2.076708160000000,\xDC,,
2.076803520000000,\xC5,,
2.076898880000000,\xDC,,
2.076994240000000,\xD5,,
2.077089760000000,\xDC,,
2.077185120000000,U,,
2.077280480000000,\xDC,,
2.077375840000000,\xC5,,
2.077471200000000,\xDC,,
2.077566720000000,\xD5,,
2.077662080000000,\xDC,,
2.077757440000000,U,,
2.077852800000000,\xDC,,
2.077948160000000,\x05,,
2.078043520000000,\xDC,,
2.078139040000000,\x05,,
2.078234400000000,\x95,,
2.078329760000000,\xEC,,
2.079372640000000, ,,
2.079468000000000,@,,
2.079563360000000,\xD5,,
2.079658880000000,\xC5,,
2.079754240000000,\xEA,,
2.079849600000000,\xD5,,
2.079944960000000,E,,
2.080040320000000,U,,
2.080135840000000,\xA8,,
2.080231200000000,\xC5,,
2.080326560000000,\xDC,,
2.080421920000000,\xD5,,
2.080517280000000,\xDC,,
2.080612640000000,U,,
2.080708160000000,\xDC,,
2.080803520000000,\xC5,,
2.080898880000000,\xDC,,
2.080994240000000,\xD5,,
2.081089600000000,\xDC,,
2.081185120000000,U,,
2.081280480000000,\xDC,,
2.081375840000000,\xC5,,
2.081471200000000,\xDC,,
2.081566560000000,\xD5,,
2.081661920000000,\xDC,,
2.081757440000000,U,,
2.081852800000000,\xDC,,
2.081948160000000,\x05,,
2.082043520000000,\xDC,,
2.082138880000000,\x05,,
2.082234240000000,\x95,,
2.082329760000000,\xEC,,
2.083380160000000, ,,
2.083475520000000,@,,
2.083571040000000,\xD5,,
2.083666400000000,\xC5,,
2.083761760000000,\xEA,,
2.083857120000000,\xD5,,
2.083952480000000,E,,
2.084047840000000,U,,
2.084143360000000,\xA8,,
2.084238720000000,\xC5,,
2.084334080000000,\xDC,,
2.084429440000000,\xD5,,
2.084524800000000,\xDC,,
2.084620320000000,U,,
2.084715680000000,\xDC,,
2.084811040000000,\xC5,,
2.084906400000000,\xDC,,
2.085001760000000,\xD5,,
2.085097120000000,\xDC,,
2.085192640000000,U,,
2.085288000000000,\xDC,,
2.085383360000000,\xC5,,
2.085478720000000,\xDC,,
2.085574080000000,\xD5,,
2.085669600000000,\xDC,,
2.085764960000000,U,,
2.085860320000000,\xDC,,
2.085955680000000,\x05,,
2.086051040000000,\xDC,,
2.086146400000000,\x05,,
2.086241920000000,\x95,,
2.086337280000000,\xEC,,
2.087372480000000, ,,
2.087467840000000,@,,
2.087563200000000,\xD5,,
2.087658720000000,\xC5,,
2.087754080000000,\xEA,,
2.087849440000000,\xD5,,
2.087944800000000,E,,
2.088040160000000,U,,
2.088135520000000,\xA8,,
2.088231040000000,\xC5,,
2.088326400000000,\xDC,,
2.088421760000000,\xD5,,
2.088517120000000,\xDC,,
2.088612480000000,U,,
2.088708000000000,\xDC,,
2.088803360000000,\xC5,,
2.088898720000000,\xDC,,
2.088994080000000,\xD5,,
2.089089440000000,\xDC,,
2.089184800000000,U,,
2.089280320000000,\xDC,,
2.089375680000000,\xC5,,
2.089471040000000,\xDC,,
2.089566400000000,\xD5,,
2.089661760000000,\xDC,,
2.089757120000000,U,,
2.089852640000000,\xDC,,
2.089948000000000,\x05,,
2.090043360000000,\xDC,,
2.090138720000000,\x05,,
2.090234080000000,\x95,,
2.090329600000000,\xEC,,
2.091372480000000, ,,
2.091467840000000,@,,
2.091563200000000,\xD5,,
2.091658560000000,\xC5,,
2.091753920000000,\xEA,,
2.091849440000000,\xD5,,
2.091944800000000,E,,
2.092040160000000,U,,
2.092135520000000,\xA8,,
2.092230880000000,\xC5,,
2.092326240000000,\xDC,,
2.092421760000000,\xD5,,
2.092517120000000,\xDC,,
2.092612480000000,U,,
2.092707840000000,\xDC,,
2.092803200000000,\xC5,,
2.092898720000000,\xDC,,
2.092994080000000,\xD5,,
2.093089440000000,\xDC,,
2.093184800000000,U,,
2.093280160000000,\xDC,,
2.093375520000000,\xC5,,
2.093471040000000,\xDC,,
2.093566400000000,\xD5,,
2.093661760000000,\xDC,,
2.093757120000000,U,,
2.093852480000000,\xDC,,
2.093948000000000,\x05,,
2.094043360000000,\xDC,,
2.094138720000000,\x05,,
2.094234080000000,\x95,,
2.094329440000000,\xEC,,
2.095372320000000, ,,
2.095467680000000,@,,
2.095563040000000,\xD5,,
2.095658560000000,\xC5,,
2.095753920000000,\xEA,,
2.095849280000000,\xD5,,
2.095944640000000,E,,
2.096040000000000,U,,
2.096135360000000,\xA8,,
2.096230880000000,\xC5,,
2.096326240000000,\xDC,,
2.096421600000000,\xD5,,
2.096516960000000,\xDC,,
2.096612320000000,U,,
2.096707840000000,\xDC,,
2.096803200000000,\xC5,,
2.096898560000000,\xDC,,
2.096993920000000,\xD5,,
2.097089280000000,\xDC,,
2.097184800000000,U,,
2.097280160000000,\xDC,,
2.097375520000000,\xC5,,
2.097470880000000,\xDC,,
2.097566240000000,\xD5,,
2.097661600000000,\xDC,,
2.097757120000000,U,,
2.097852480000000,\xDC,,
2.097947840000000,\x05,,
2.098043200000000,\xDC,,
2.098138560000000,\x05,,
2.098234080000000,\x95,,
2.098329440000000,\xEC,,
2.099385280000000, ,,
2.099480640000000,@,,
2.099576000000000,\xD5,,
2.099671360000000,\xC5,,
2.099766720000000,\xEA,,
2.099862080000000,\xD5,,
2.099957600000000,E,,
2.100052960000000,U,,
2.100148320000000,\xA8,,
2.100243680000000,\xC5,,
2.100339040000000,\xDC,,
2.100434560000000,\xD5,,
2.100529920000000,\xDC,,
2.100625280000000,U,,
2.100720640000000,\xDC,,
2.100816000000000,\xC5,,
2.100911360000000,\xDC,,
2.101006880000000,\xD5,,
2.101102240000000,\xDC,,
2.101197600000000,U,,
2.101292960000000,\xDC,,
2.101388320000000,\xC5,,
2.101483680000000,\xDC,,
2.101579200000000,\xD5,,
2.101674560000000,\xDC,,
2.101769920000000,U,,
2.101865280000000,\xDC,,
2.101960640000000,\x05,,
2.102056160000000,\xDC,,
2.102151520000000,\x05,,
2.102246880000000,\x95,,
2.102342240000000,\xEC,,
2.103382240000000, ,,
2.103477600000000,@,,
2.103572960000000,\xD5,,
2.103668320000000,\xC5,,
2.103763680000000,\xEA,,
2.103859200000000,\xD5,,
2.103954560000000,E,,
2.104049920000000,U,,
2.104145280000000,\xA8,,
2.104240640000000,\xC5,,
2.104336000000000,\xDC,,
2.104431520000000,\xD5,,
2.104526880000000,\xDC,,
2.104622240000000,U,,
2.104717600000000,\xDC,,
2.104812960000000,\xC5,,
2.104908480000000,\xDC,,
2.105003840000000,\xD5,,
2.105099200000000,\xDC,,
2.105194560000000,U,,
2.105289920000000,\xDC,,
2.105385280000000,\xC5,,
2.105480800000000,\xDC,,
2.105576160000000,\xD5,,
2.105671520000000,\xDC,,
2.105766880000000,U,,
2.105862240000000,\xDC,,
2.105957600000000,\x05,,
2.106053120000000,\xDC,,
2.106148480000000,\x05,,
2.106243840000000,\x95,,
2.106339200000000,\xEC,,
2.107372160000000, ,,
2.107467520000000,@,,
2.107562880000000,\xD5,,
2.107658240000000,\xC5,,
2.107753600000000,\xEA,,
2.107849120000000,\xD5,,
2.107944480000000,E,,
2.108039840000000,U,,
2.108135200000000,\xA8,,
2.108230560000000,\xC5,,
2.108326080000000,\xDC,,
2.108421440000000,\xD5,,
2.108516800000000,\xDC,,
2.108612160000000,U,,
2.108707520000000,\xDC,,
2.108802880000000,\xC5,,
2.108898400000000,\xDC,,
2.108993760000000,\xD5,,
2.109089120000000,\xDC,,
2.109184480000000,U,,
2.109279840000000,\xDC,,
2.109375360000000,\xC5,,
2.109470720000000,\xDC,,
2.109566080000000,\xD5,,
2.109661440000000,\xDC,,
2.109756800000000,U,,
2.109852160000000,\xDC,,
2.109947680000000,\x05,,
2.110043040000000,\xDC,,
2.110138400000000,\x05,,
2.110233760000000,\x95,,
2.110329120000000,\xEC,,
2.111372000000000, ,,
2.111467520000000,@,,
2.111562880000000,\xD5,,
2.111658240000000,\xC5,,
2.111753600000000,\xEA,,
2.111848960000000,\xD5,,
2.111944320000000,E,,
2.112039840000000,U,,
2.112135200000000,\xA8,,
2.112230560000000,\xC5,,
2.112325920000000,\xDC,,
2.112421280000000,\xD5,,
2.112516800000000,\xDC,,
2.112612160000000,U,,
2.112707520000000,\xDC,,
2.112802880000000,\xC5,,
2.112898240000000,\xDC,,
2.112993600000000,\xD5,,
2.113089120000000,\xDC,,
2.113184480000000,U,,
2.113279840000000,\xDC,,
2.113375200000000,\xC5,,
2.113470560000000,\xDC,,
2.113565920000000,\xD5,,
2.113661440000000,\xDC,,
2.113756800000000,U,,
2.113852160000000,\xDC,,
2.113947520000000,\x05,,
2.114042880000000,\xDC,,
2.114138400000000,\x05,,
2.114233760000000,\x95,,
2.114329120000000,\xEC,,
2.115372000000000, ,,
2.115467360000000,@,,
2.115562720000000,\xD5,,
2.115658240000000,\xC5,,
2.115753600000000,\xEA,,
2.115848960000000,\xD5,,
2.115944320000000,E,,
2.116039680000000,U,,
2.116135200000000,\xA8,,
2.116230560000000,\xC5,,
2.116325920000000,\xDC,,
2.116421280000000,\xD5,,
2.116516640000000,\xDC,,
2.116612000000000,U,,
2.116707520000000,\xDC,,
2.116802880000000,\xC5,,
2.116898240000000,\xDC,,
2.116993600000000,\xD5,,
2.117088960000000,\xDC,,
2.117184480000000,U,,
2.117279840000000,\xDC,,
2.117375200000000,\xC5,,
2.117470560000000,\xDC,,
2.117565920000000,\xD5,,
2.117661440000000,\xDC,,
2.117756800000000,U,,
2.117852160000000,\xDC,,
2.117947520000000,\x05,,
2.118042880000000,\xDC,,
2.118138240000000,\x05,,
2.118233760000000,\x95,,
2.118329120000000,\xEC,,
2.119372000000000, ,,
2.119467360000000,@,,
2.119562720000000,\xD5,,
2.119658080000000,\xC5,,
2.119753600000000,\xEA,,
2.119848960000000,\xD5,,
2.119944320000000,E,,
2.120039680000000,U,,
2.120135040000000,\xA8,,
2.120230400000000,\xC5,,
2.120325920000000,\xDC,,
2.120421280000000,\xD5,,
2.120516640000000,\xDC,,
2.120612000000000,U,,
2.120707360000000,\xDC,,
2.120802880000000,\xC5,,
2.120898240000000,\xDC,,
2.120993600000000,\xD5,,
2.121088960000000,\xDC,,
2.121184320000000,U,,
2.121279680000000,\xDC,,
2.121375200000000,\xC5,,
2.121470560000000,\xDC,,
2.121565920000000,\xD5,,
2.121661280000000,\xDC,,
2.121756640000000,U,,
2.121852000000000,\xDC,,
2.121947520000000,\x05,,
2.122042880000000,\xDC,,
2.122138240000000,\x05,,
2.122233600000000,\x95,,
2.122328960000000,\xEC,,
2.123371840000000, ,,
2.123467200000000,@,,
2.123562560000000,\xD5,,
2.123657920000000,\xC5,,
2.123753440000000,\xEA,,
2.123848800000000,\xD5,,
2.123944160000000,E,,
2.124039520000000,U,,
2.124134880000000,\xA8,,
2.124230400000000,\xC5,,
2.124325760000000,\xDC,,
2.124421120000000,\xD5,,
2.124516480000000,\xDC,,
2.124611840000000,U,,
2.124707200000000,\xDC,,
2.124802720000000,\xC5,,
2.124898080000000,\xDC,,
2.124993440000000,\xD5,,
2.125088800000000,\xDC,,
2.125184160000000,U,,
2.125279680000000,\xDC,,
2.125375040000000,\xC5,,
2.125470400000000,\xDC,,
2.125565760000000,\xD5,,
2.125661120000000,\xDC,,
2.125756480000000,U,,
2.125852000000000,\xDC,,
2.125947360000000,\x05,,
2.126042720000000,\xDC,,
2.126138080000000,\x05,,
2.126233440000000,\x95,,
2.126328960000000,\xEC,,
2.127371840000000, ,,
2.127467200000000,@,,
2.127562560000000,\xD5,,
2.127657920000000,\xC5,,
2.127753280000000,\xEA,,
2.127848800000000,\xD5,,
2.127944160000000,E,,
2.128039520000000,U,,
2.128134880000000,\xA8,,
2.128230240000000,\xC5,,
2.128325600000000,\xDC,,
2.128421120000000,\xD5,,
2.128516480000000,\xDC,,
2.128611840000000,U,,
2.128707200000000,\xDC,,
2.128802560000000,\xC5,,
2.128898080000000,\xDC,,
2.128993440000000,\xD5,,
2.129088800000000,\xDC,,
2.129184160000000,U,,
2.129279520000000,\xDC,,
2.129374880000000,\xC5,,
2.129470400000000,\xDC,,
2.129565760000000,\xD5,,
2.129661120000000,\xDC,,
2.129756480000000,U,,
2.129851840000000,\xDC,,
2.129947360000000,\x05,,
2.130042720000000,\xDC,,
2.130138080000000,\x05,,
2.130233440000000,\x95,,
2.130328800000000,\xEC,,
2.131371680000000, ,,
2.131467040000000,@,,
2.131562560000000,\xD5,,
2.131657920000000,\xC5,,
2.131753280000000,\xEA,,
2.131848640000000,\xD5,,
2.131944000000000,E,,
2.132039520000000,U,,
2.132134880000000,\xA8,,
2.132230240000000,\xC5,,
2.132325600000000,\xDC,,
2.132420960000000,\xD5,,
2.132516320000000,\xDC,,
2.132611840000000,U,,
2.132707200000000,\xDC,,
2.132802560000000,\xC5,,
2.132897920000000,\xDC,,
2.132993280000000,\xD5,,
2.133088640000000,\xDC,,
2.133184160000000,U,,
2.133279520000000,\xDC,,
2.133374880000000,\xC5,,
2.133470240000000,\xDC,,
2.133565600000000,\xD5,,
2.133661120000000,\xDC,,
2.133756480000000,U,,
2.133851840000000,\xDC,,
2.133947200000000,\x05,,
2.134042560000000,\xDC,,
2.134137920000000,\x05,,
2.134233440000000,\x95,,
2.134328800000000,\xEC,,
2.135384800000000, ,,
2.135480160000000,@,,
2.135575520000000,\xD5,,
2.135670880000000,\xC5,,
2.135766240000000,\xEA,,
2.135861600000000,\xD5,,
2.135957120000000,E,,
2.136052480000000,U,,
2.136147840000000,\xA8,,
2.136243200000000,\xC5,,
2.136338560000000,\xDC,,
2.136434080000000,\xD5,,
2.136529440000000,\xDC,,
2.136624800000000,U,,
2.136720160000000,\xDC,,
2.136815520000000,\xC5,,
2.136910880000000,\xDC,,
2.137006400000000,\xD5,,
2.137101760000000,\xDC,,
2.137197120000000,U,,
2.137292480000000,\xDC,,
2.137387840000000,\xC5,,
2.137483360000000,\xDC,,
2.137578720000000,\xD5,,
2.137674080000000,\xDC,,
2.137769440000000,U,,
2.137864800000000,\xDC,,
2.137960320000000,\x05,,
2.138055680000000,\xDC,,
2.138151040000000,\x05,,
2.138246400000000,\x95,,
2.138341760000000,\xEC,,
2.139381600000000, ,,
2.139476960000000,@,,
2.139572320000000,\xD5,,
2.139667680000000,\xC5,,
2.139763200000000,\xEA,,
2.139858560000000,\xD5,,
2.139953920000000,E,,
2.140049280000000,U,,
2.140144640000000,\xA8,,
2.140240000000000,\xC5,,
2.140335520000000,\xDC,,
2.140430880000000,\xD5,,
2.140526240000000,\xDC,,
2.140621600000000,U,,
2.140716960000000,\xDC,,
2.140812480000000,\xC5,,
2.140907840000000,\xDC,,
2.141003200000000,\xD5,,
2.141098560000000,\xDC,,
2.141193920000000,U,,
2.141289280000000,\xDC,,
2.141384800000000,\xC5,,
2.141480160000000,\xDC,,
2.141575520000000,\xD5,,
2.141670880000000,\xDC,,
2.141766240000000,U,,
2.141861600000000,\xDC,,
2.141957120000000,\x05,,
2.142052480000000,\xDC,,
2.142147840000000,\x05,,
2.142243200000000,\x95,,
2.142338560000000,\xEC,,
2.143371520000000, ,,
2.143466880000000,@,,
2.143562240000000,\xD5,,
2.143657600000000,\xC5,,
2.143752960000000,\xEA,,
2.143848480000000,\xD5,,
2.143943840000000,E,,
2.144039200000000,U,,
2.144134560000000,\xA8,,
2.144229920000000,\xC5,,
2.144325440000000,\xDC,,
2.144420800000000,\xD5,,
2.144516160000000,\xDC,,
2.144611520000000,U,,
2.144706880000000,\xDC,,
2.144802240000000,\xC5,,
2.144897760000000,\xDC,,
2.144993120000000,\xD5,,
2.145088480000000,\xDC,,
2.145183840000000,U,,
2.145279200000000,\xDC,,
2.145374720000000,\xC5,,
2.145470080000000,\xDC,,
2.145565440000000,\xD5,,
2.145660800000000,\xDC,,
2.145756160000000,U,,
2.145851680000000,\xDC,,
2.145947040000000,\x05,,
2.146042400000000,\xDC,,
2.146137760000000,\x05,,
2.146233120000000,\x95,,
2.146328480000000,\xEC,,
2.147371360000000, ,,
2.147466880000000,@,,
2.147562240000000,\xD5,,
2.147657600000000,\xC5,,
2.147752960000000,\xEA,,
2.147848320000000,\xD5,,
2.147943680000000,E,,
2.148039200000000,U,,
2.148134560000000,\xA8,,
2.148229920000000,\xC5,,
2.148325280000000,\xDC,,
2.148420640000000,\xD5,,
2.148516000000000,\xDC,,
2.148611520000000,U,,
2.148706880000000,\xDC,,
2.148802240000000,\xC5,,
2.148897600000000,\xDC,,
2.148992960000000,\xD5,,
2.149088480000000,\xDC,,
2.149183840000000,U,,
2.149279200000000,\xDC,,
2.149374560000000,\xC5,,
2.149469920000000,\xDC,,
2.149565280000000,\xD5,,
2.149660800000000,\xDC,,
2.149756160000000,U,,
2.149851520000000,\xDC,,
2.149946880000000,\x05,,
2.150042240000000,\xDC,,
2.150137760000000,\x05,,
2.150233120000000,\x95,,
2.150328480000000,\xEC,,
2.151371360000000, ,,
2.151466720000000,@,,
2.151562080000000,\xD5,,
2.151657600000000,\xC5,,
2.151752960000000,\xEA,,
2.151848320000000,\xD5,,
2.151943680000000,E,,
2.152039040000000,U,,
2.152134400000000,\xA8,,
2.152229920000000,\xC5,,
2.152325280000000,\xDC,,
2.152420640000000,\xD5,,
2.152516000000000,\xDC,,
2.152611360000000,U,,
2.152706880000000,\xDC,,
2.152802240000000,\xC5,,
2.152897600000000,\xDC,,
2.152992960000000,\xD5,,
2.153088320000000,\xDC,,
2.153183680000000,U,,
2.153279200000000,\xDC,,
2.153374560000000,\xC5,,
2.153469920000000,\xDC,,
2.153565280000000,\xD5,,
2.153660640000000,\xDC,,
2.153756160000000,U,,
2.153851520000000,\xDC,,
2.153946880000000,\x05,,
2.154042240000000,\xDC,,
2.154137600000000,\x05,,
2.154232960000000,\x95,,
2.154328480000000,\xEC,,
2.155371360000000, ,,
2.155466720000000,@,,
2.155562080000000,\xD5,,
2.155657440000000,\xC5,,
2.155752800000000,\xEA,,
2.155848160000000,\xD5,,
2.155943680000000,E,,
2.156039040000000,U,,
2.156134400000000,\xA8,,
2.156229760000000,\xC5,,
2.156325120000000,\xDC,,
2.156420640000000,\xD5,,
2.156516000000000,\xDC,,
2.156611360000000,U,,
2.156706720000000,\xDC,,
2.156802080000000,\xC5,,
2.156897440000000,\xDC,,
2.156992960000000,\xD5,,
2.157088320000000,\xDC,,
2.157183680000000,U,,
2.157279040000000,\xDC,,
2.157374400000000,\xC5,,
2.157469760000000,\xDC,,
2.157565280000000,\xD5,,
2.157660640000000,\xDC,,
2.157756000000000,U,,
2.157851360000000,\xDC,,
2.157946720000000,\x05,,
2.158042240000000,\xDC,,
2.158137600000000,\x05,,
2.158232960000000,\x95,,
2.158328320000000,\xEC,,
2.159371200000000, ,,
2.159466560000000,@,,
2.159561920000000,\xD5,,
2.159657440000000,\xC5,,
2.159752800000000,\xEA,,
2.159848160000000,\xD5,,
2.159943520000000,E,,
2.160038880000000,U,,
2.160134400000000,\xA8,,
2.160229760000000,\xC5,,
2.160325120000000,\xDC,,
2.160420480000000,\xD5,,
2.160515840000000,\xDC,,
2.160611200000000,U,,
2.160706720000000,\xDC,,
2.160802080000000,\xC5,,
2.160897440000000,\xDC,,
2.160992800000000,\xD5,,
2.161088160000000,\xDC,,
2.161183680000000,U,,
2.161279040000000,\xDC,,
2.161374400000000,\xC5,,
2.161469760000000,\xDC,,
2.161565120000000,\xD5,,
2.161660480000000,\xDC,,
2.161756000000000,U,,
2.161851360000000,\xDC,,
2.161946720000000,\x05,,
2.162042080000000,\xDC,,
2.162137440000000,\x05,,
2.162232800000000,\x95,,
2.162328320000000,\xEC,,
2.163371200000000, ,,
2.163466560000000,@,,
2.163561920000000,\xD5,,
2.163657280000000,\xC5,,
2.163752640000000,\xEA,,
2.163848160000000,\xD5,,
2.163943520000000,E,,
2.164038880000000,U,,
2.164134240000000,\xA8,,
2.164229600000000,\xC5,,
2.164324960000000,\xDC,,
2.164420480000000,\xD5,,
2.164515840000000,\xDC,,
2.164611200000000,U,,
2.164706560000000,\xDC,,
2.164801920000000,\xC5,,
2.164897440000000,\xDC,,
2.164992800000000,\xD5,,
2.165088160000000,\xDC,,
2.165183520000000,U,,
2.165278880000000,\xDC,,
2.165374240000000,\xC5,,
2.165469760000000,\xDC,,
2.165565120000000,\xD5,,
2.165660480000000,\xDC,,
2.165755840000000,U,,
2.165851200000000,\xDC,,
2.165946720000000,\x05,,
2.166042080000000,\xDC,,
2.166137440000000,\x05,,
2.166232800000000,\x95,,
2.166328160000000,\xEC,,
2.167372640000000, ,,
2.167468000000000,@,,
2.167563360000000,\xD5,,
2.167658880000000,\xC5,,
2.167754240000000,\xEA,,
2.167849600000000,\xD5,,
2.167944960000000,E,,
2.168040320000000,U,,
2.168135680000000,\xA8,,
2.168231200000000,\xC5,,
2.168326560000000,\xDC,,
2.168421920000000,\xD5,,
2.168517280000000,\xDC,,
2.168612640000000,U,,
2.168708000000000,\xDC,,
2.168803520000000,\xC5,,
2.168898880000000,\xDC,,
2.168994240000000,\xD5,,
2.169089600000000,\xDC,,
2.169184960000000,U,,
2.169280480000000,\xDC,,
2.169375840000000,\xC5,,
2.169471200000000,\xDC,,
2.169566560000000,\xD5,,
2.169661920000000,\xDC,,
2.169757280000000,U,,
2.169852800000000,\xDC,,
2.169948160000000,\x05,,
2.170043520000000,\xDC,,
2.170138880000000,\x05,,
2.170234240000000,\x95,,
2.170329760000000,\xEC,,
2.171371040000000, ,,
2.171466400000000,@,,
2.171561760000000,\xD5,,
2.171657120000000,\xC5,,
2.171752640000000,\xEA,,
2.171848000000000,\xD5,,
2.171943360000000,E,,
2.172038720000000,U,,
2.172134080000000,\xA8,,
2.172229600000000,\xC5,,
2.172324960000000,\xDC,,
2.172420320000000,\xD5,,
2.172515680000000,\xDC,,
2.172611040000000,U,,
2.172706400000000,\xDC,,
2.172801920000000,\xC5,,
2.172897280000000,\xDC,,
2.172992640000000,\xD5,,
2.173088000000000,\xDC,,
2.173183360000000,U,,
2.173278880000000,\xDC,,
2.173374240000000,\xC5,,
2.173469600000000,\xDC,,
2.173564960000000,\xD5,,
2.173660320000000,\xDC,,
2.173755680000000,U,,
2.173851200000000,\xDC,,
2.173946560000000,\x05,,
2.174041920000000,\xDC,,
2.174137280000000,\x05,,
2.174232640000000,\x95,,
2.174328000000000,\xEC,,
2.175371040000000, ,,
2.175466400000000,@,,
2.175561760000000,\xD5,,
2.175657120000000,\xC5,,
2.175752480000000,\xEA,,
2.175847840000000,\xD5,,
2.175943360000000,E,,
2.176038720000000,U,,
2.176134080000000,\xA8,,
2.176229440000000,\xC5,,
2.176324800000000,\xDC,,
2.176420320000000,\xD5,,
2.176515680000000,\xDC,,
2.176611040000000,U,,
2.176706400000000,\xDC,,
2.176801760000000,\xC5,,
2.176897120000000,\xDC,,
2.176992640000000,\xD5,,
2.177088000000000,\xDC,,
2.177183360000000,U,,
2.177278720000000,\xDC,,
2.177374080000000,\xC5,,
2.177469440000000,\xDC,,
2.177564960000000,\xD5,,
2.177660320000000,\xDC,,
2.177755680000000,U,,
2.177851040000000,\xDC,,
2.177946400000000,\x05,,
2.178041920000000,\xDC,,
2.178137280000000,\x05,,
2.178232640000000,\x95,,
2.178328000000000,\xEC,,
2.179370880000000, ,,
2.179466240000000,@,,
2.179561600000000,\xD5,,
2.179657120000000,\xC5,,
2.179752480000000,\xEA,,
2.179847840000000,\xD5,,
2.179943200000000,E,,
2.180038560000000,U,,
2.180134080000000,\xA8,,
2.180229440000000,\xC5,,
2.180324800000000,\xDC,,
2.180420160000000,\xD5,,
2.180515520000000,\xDC,,
2.180611040000000,U,,
2.180706400000000,\xDC,,
2.180801760000000,\xC5,,
2.180897120000000,\xDC,,
2.180992480000000,\xD5,,
2.181087840000000,\xDC,,
2.181183360000000,U,,
2.181278720000000,\xDC,,
2.181374080000000,\xC5,,
2.181469440000000,\xDC,,
2.181564800000000,\xD5,,
2.181660320000000,\xDC,,
2.181755680000000,U,,
2.181851040000000,\xDC,,
2.181946400000000,\x05,,
2.182041760000000,\xDC,,
2.182137120000000,\x05,,
2.182232640000000,\x95,,
2.182328000000000,\xEC,,
2.183370880000000, ,,
2.183466240000000,@,,
2.183561600000000,\xD5,,
2.183656960000000,\xC5,,
2.183752320000000,\xEA,,
2.183847840000000,\xD5,,
2.183943200000000,E,,
2.184038560000000,U,,
2.184133920000000,\xA8,,
2.184229280000000,\xC5,,
2.184324800000000,\xDC,,
2.184420160000000,\xD5,,
2.184515520000000,\xDC,,
2.184610880000000,U,,
2.184706240000000,\xDC,,
2.184801600000000,\xC5,,
2.184897120000000,\xDC,,
2.184992480000000,\xD5,,
2.185087840000000,\xDC,,
2.185183200000000,U,,
2.185278560000000,\xDC,,
2.185374080000000,\xC5,,
2.185469440000000,\xDC,,
2.185564800000000,\xD5,,
2.185660160000000,\xDC,,
2.185755520000000,U,,
2.185850880000000,\xDC,,
2.185946400000000,\x05,,
2.186041760000000,\xDC,,
2.186137120000000,\x05,,
2.186232480000000,\x95,,
2.186327840000000,\xEC,,
2.187370720000000, ,,
2.187466080000000,@,,
2.187561440000000,\xD5,,
2.187656960000000,\xC5,,
2.187752320000000,\xEA,,
2.187847680000000,\xD5,,
2.187943040000000,E,,
2.188038400000000,U,,
2.188133760000000,\xA8,,
2.188229280000000,\xC5,,
2.188324640000000,\xDC,,
2.188420000000000,\xD5,,
2.188515360000000,\xDC,,
2.188610720000000,U,,
2.188706240000000,\xDC,,
2.188801600000000,\xC5,,
2.188896960000000,\xDC,,
2.188992320000000,\xD5,,
2.189087680000000,\xDC,,
2.189183040000000,U,,
2.189278560000000,\xDC,,
2.189373920000000,\xC5,,
2.189469280000000,\xDC,,
2.189564640000000,\xD5,,
2.189660000000000,\xDC,,
2.189755520000000,U,,
2.189850880000000,\xDC,,
2.189946240000000,\x05,,
2.190041600000000,\xDC,,
2.190136960000000,\x05,,
2.190232480000000,\x95,,
2.190327840000000,\xEC,,
2.191370720000000, ,,
2.191466080000000,@,,
2.191561440000000,\xD5,,
2.191656800000000,\xC5,,
2.191752160000000,\xEA,,
2.191847520000000,\xD5,,
2.191943040000000,E,,
2.192038400000000,U,,
2.192133760000000,\xA8,,
2.192229120000000,\xC5,,
2.192324480000000,\xDC,,
2.192419840000000,\xD5,,
2.192515360000000,\xDC,,
2.192610720000000,U,,
2.192706080000000,\xDC,,
2.192801440000000,\xC5,,
2.192896800000000,\xDC,,
2.192992320000000,\xD5,,
2.193087680000000,\xDC,,
2.193183040000000,U,,
2.193278400000000,\xDC,,
2.193373760000000,\xC5,,
2.193469120000000,\xDC,,
2.193564640000000,\xD5,,
2.193660000000000,\xDC,,
2.193755360000000,U,,
2.193850720000000,\xDC,,
2.193946080000000,\x05,,
2.194041600000000,\xDC,,
2.194136960000000,\x05,,
2.194232320000000,\x95,,
2.194327680000000,\xEC,,
2.195370560000000, ,,
2.195465920000000,@,,
2.195561440000000,\xD5,,
2.195656800000000,\xC5,,
2.195752160000000,\xEA,,
2.195847520000000,\xD5,,
2.195942880000000,E,,
2.196038240000000,U,,
2.196133760000000,\xA8,,
2.196229120000000,\xC5,,
2.196324480000000,\xDC,,
2.196419840000000,\xD5,,
2.196515200000000,\xDC,,
2.196610720000000,U,,
2.196706080000000,\xDC,,
2.196801440000000,\xC5,,
2.196896800000000,\xDC,,
2.196992160000000,\xD5,,
2.197087520000000,\xDC,,
2.197183040000000,U,,
2.197278400000000,\xDC,,
2.197373760000000,\xC5,,
2.197469120000000,\xDC,,
2.197564480000000,\xD5,,
2.197660000000000,\xDC,,
2.197755360000000,U,,
2.197850720000000,\xDC,,
2.197946080000000,\x05,,
2.198041440000000,\xDC,,
2.198136800000000,\x05,,
2.198232320000000,\x95,,
2.198327680000000,\xEC,,
2.199370560000000, ,,
2.199465920000000,@,,
2.199561280000000,\xD5,,
2.199656640000000,\xC5,,
2.199752000000000,\xEA,,
2.199847520000000,\xD5,,
2.199942880000000,E,,
2.200038240000000,U,,
2.200133600000000,\xA8,,
2.200228960000000,\xC5,,
2.200324320000000,\xDC,,
2.200419840000000,\xD5,,
2.200515200000000,\xDC,,
2.200610560000000,U,,
2.200705920000000,\xDC,,
2.200801280000000,\xC5,,
2.200896800000000,\xDC,,
2.200992160000000,\xD5,,
2.201087520000000,\xDC,,
2.201182880000000,U,,
2.201278240000000,\xDC,,
2.201373600000000,\xC5,,
2.201469120000000,\xDC,,
2.201564480000000,\xD5,,
2.201659840000000,\xDC,,
2.201755200000000,U,,
2.201850560000000,\xDC,,
2.201946080000000,\x05,,
2.202041440000000,\xDC,,
2.202136800000000,\x05,,
2.202232160000000,\x95,,
2.202327520000000,\xEC,,
2.203370400000000, ,,
2.203465920000000,@,,
2.203561280000000,\xD5,,
2.203656640000000,\xC5,,
2.203752000000000,\xEA,,
2.203847360000000,\xD5,,
2.203942880000000,E,,
2.204038240000000,U,,
2.204133600000000,\xA8,,
2.204228960000000,\xC5,,
2.204324320000000,\xDC,,
2.204419680000000,\xD5,,
2.204515200000000,\xDC,,
2.204610560000000,U,,
2.204705920000000,\xDC,,
2.204801280000000,\xC5,,
2.204896640000000,\xDC,,
2.204992160000000,\xD5,,
2.205087520000000,\xDC,,
2.205182880000000,U,,
2.205278240000000,\xDC,,
2.205373600000000,\xC5,,
2.205468960000000,\xDC,,
2.205564480000000,\xD5,,
2.205659840000000,\xDC,,
2.205755200000000,U,,
2.205850560000000,\xDC,,
2.205945920000000,\x05,,
2.206041440000000,\xDC,,
2.206136800000000,\x05,,
2.206232160000000,\x95,,
2.206327520000000,\xEC,,
2.207370400000000, ,,
2.207465760000000,@,,
2.207561120000000,\xD5,,
2.207656480000000,\xC5,,
2.207751840000000,\xEA,,
2.207847360000000,\xD5,,
2.207942720000000,E,,
2.208038080000000,U,,
2.208133440000000,\xA8,,
2.208228800000000,\xC5,,
2.208324320000000,\xDC,,
2.208419680000000,\xD5,,
2.208515040000000,\xDC,,
2.208610400000000,U,,
2.208705760000000,\xDC,,
2.208801280000000,\xC5,,
2.208896640000000,\xDC,,
2.208992000000000,\xD5,,
2.209087360000000,\xDC,,
2.209182720000000,U,,
2.209278080000000,\xDC,,
2.209373600000000,\xC5,,
2.209468960000000,\xDC,,
2.209564320000000,\xD5,,
2.209659680000000,\xDC,,
2.209755040000000,U,,
2.209850560000000,\xDC,,
2.209945920000000,\x05,,
2.210041280000000,\xDC,,
2.210136640000000,\x05,,
2.210232000000000,\x95,,
2.210327360000000,\xEC,,
2.211370400000000, ,,
2.211465760000000,@,,
2.211561120000000,\xD5,,
2.211656480000000,\xC5,,
2.211751840000000,\xEA,,
2.211847360000000,\xD5,,
2.211942720000000,E,,
2.212038080000000,U,,
2.212133440000000,\xA8,,
2.212228800000000,\xC5,,
2.212324160000000,\xDC,,
2.212419680000000,\xD5,,
2.212515040000000,\xDC,,
2.212610400000000,U,,
2.212705760000000,\xDC,,
2.212801120000000,\xC5,,
2.212896480000000,\xDC,,
2.212992000000000,\xD5,,
2.213087360000000,\xDC,,
2.213182720000000,U,,
2.213278080000000,\xDC,,
2.213373440000000,\xC5,,
2.213468960000000,\xDC,,
2.213564320000000,\xD5,,
2.213659680000000,\xDC,,
2.213755040000000,U,,
2.213850400000000,\xDC,,
2.213945760000000,\x05,,
2.214041280000000,\xDC,,
2.214136640000000,\x05,,
2.214232000000000,\x95,,
2.214327360000000,\xEC,,
2.215370240000000, ,,
2.215465600000000,@,,
2.215560960000000,\xD5,,
2.215656480000000,\xC5,,
2.215751840000000,\xEA,,
2.215847200000000,\xD5,,
2.215942560000000,E,,
2.216037920000000,U,,
2.216133440000000,\xA8,,
2.216228800000000,\xC5,,
2.216324160000000,\xDC,,
2.216419520000000,\xD5,,
2.216514880000000,\xDC,,
2.216610240000000,U,,
2.216705760000000,\xDC,,
2.216801120000000,\xC5,,
2.216896480000000,\xDC,,
2.216991840000000,\xD5,,
2.217087200000000,\xDC,,
2.217182720000000,U,,
2.217278080000000,\xDC,,
2.217373440000000,\xC5,,
2.217468800000000,\xDC,,
2.217564160000000,\xD5,,
2.217659520000000,\xDC,,
2.217755040000000,U,,
2.217850400000000,\xDC,,
2.217945760000000,\x05,,
2.218041120000000,\xDC,,
2.218136480000000,\x05,,
2.218231840000000,\x95,,
2.218327360000000,\xEC,,
2.219370080000000, ,,
2.219465600000000,@,,
2.219560960000000,\xD5,,
2.219656320000000,\xC5,,
2.219751680000000,\xEA,,
2.219847040000000,\xD5,,
2.219942560000000,E,,
2.220037920000000,U,,
2.220133280000000,\xA8,,
2.220228640000000,\xC5,,
2.220324000000000,\xDC,,
2.220419360000000,\xD5,,
2.220514880000000,\xDC,,
2.220610240000000,U,,
2.220705600000000,\xDC,,
2.220800960000000,\xC5,,
2.220896320000000,\xDC,,
2.220991840000000,\xD5,,
2.221087200000000,\xDC,,
2.221182560000000,U,,
2.221277920000000,\xDC,,
2.221373280000000,\xC5,,
2.221468640000000,\xDC,,
2.221564160000000,\xD5,,
2.221659520000000,\xDC,,
2.221754880000000,U,,
2.221850240000000,\xDC,,
2.221945600000000,\x05,,
2.222040960000000,\xDC,,
2.222136480000000,\x05,,
2.222231840000000,\x95,,
2.222327200000000,\xEC,,
2.223370080000000, ,,
2.223465600000000,@,,
2.223560960000000,\xD5,,
2.223656320000000,\xC5,,
2.223751680000000,\xEA,,
2.223847040000000,\xD5,,
2.223942400000000,E,,
2.224037920000000,U,,
2.224133280000000,\xA8,,
2.224228640000000,\xC5,,
2.224324000000000,\xDC,,
2.224419360000000,\xD5,,
2.224514880000000,\xDC,,
2.224610240000000,U,,
2.224705600000000,\xDC,,
2.224800960000000,\xC5,,
2.224896320000000,\xDC,,
2.224991680000000,\xD5,,
2.225087200000000,\xDC,,
2.225182560000000,U,,
2.225277920000000,\xDC,,
2.225373280000000,\xC5,,
2.225468640000000,\xDC,,
2.225564160000000,\xD5,,
2.225659520000000,\xDC,,
2.225754880000000,U,,
2.225850240000000,\xDC,,
2.225945600000000,\x05,,
2.226040960000000,\xDC,,
2.226136480000000,\x05,,
2.226231840000000,\x95,,
2.226327200000000,\xEC,,
2.227370080000000, ,,
2.227465440000000,@,,
2.227560800000000,\xD5,,
2.227656160000000,\xC5,,
2.227751520000000,\xEA,,
2.227847040000000,\xD5,,
2.227942400000000,E,,
2.228037760000000,U,,
2.228133120000000,\xA8,,
2.228228480000000,\xC5,,
2.228323840000000,\xDC,,
2.228419360000000,\xD5,,
2.228514720000000,\xDC,,
2.228610080000000,U,,
2.228705440000000,\xDC,,
2.228800800000000,\xC5,,
2.228896320000000,\xDC,,
2.228991680000000,\xD5,,
2.229087040000000,\xDC,,
2.229182400000000,U,,
2.229277760000000,\xDC,,
2.229373120000000,\xC5,,
2.229468640000000,\xDC,,
2.229564000000000,\xD5,,
2.229659360000000,\xDC,,
2.229754720000000,U,,
2.229850080000000,\xDC,,
2.229945440000000,\x05,,
2.230040960000000,\xDC,,
2.230136320000000,\x05,,
2.230231680000000,\x95,,
2.230327040000000,\xEC,,
2.231380000000000, ,,
2.231475520000000,@,,
2.231570880000000,\xD5,,
2.231666240000000,\xC5,,
2.231761600000000,\xEA,,
2.231856960000000,\xD5,,
2.231952480000000,E,,
2.232047840000000,U,,
2.232143200000000,\xA8,,
2.232238560000000,\xC5,,
2.232333920000000,\xDC,,
2.232429280000000,\xD5,,
2.232524800000000,\xDC,,
2.232620160000000,U,,
2.232715520000000,\xDC,,
2.232810880000000,\xC5,,
2.232906240000000,\xDC,,
2.233001760000000,\xD5,,
2.233097120000000,\xDC,,
2.233192480000000,U,,
2.233287840000000,\xDC,,
2.233383200000000,\xC5,,
2.233478560000000,\xDC,,
2.233574080000000,\xD5,,
2.233669440000000,\xDC,,
2.233764800000000,U,,
2.233860160000000,\xDC,,
2.233955520000000,\x05,,
2.234051040000000,\xDC,,
2.234146400000000,\x05,,
2.234241760000000,\x95,,
2.234337120000000,\xEC,,
2.235381920000000, ,,
2.235477280000000,@,,
2.235572640000000,\xD5,,
2.235668160000000,\xC5,,
2.235763520000000,\xEA,,
2.235858880000000,\xD5,,
2.235954240000000,E,,
2.236049600000000,U,,
2.236145120000000,\xA8,,
2.236240480000000,\xC5,,
2.236335840000000,\xDC,,
2.236431200000000,\xD5,,
2.236526560000000,\xDC,,
2.236621920000000,U,,
2.236717440000000,\xDC,,
2.236812800000000,\xC5,,
2.236908160000000,\xDC,,
2.237003520000000,\xD5,,
2.237098880000000,\xDC,,
2.237194400000000,U,,
2.237289760000000,\xDC,,
2.237385120000000,\xC5,,
2.237480480000000,\xDC,,
2.237575840000000,\xD5,,
2.237671200000000,\xDC,,
2.237766720000000,U,,
2.237862080000000,\xDC,,
2.237957440000000,\x05,,
2.238052800000000,\xDC,,
2.238148160000000,\x05,,
2.238243520000000,\x95,,
2.238339040000000,\xEC,,
2.239369760000000, ,,
2.239465120000000,@,,
2.239560640000000,\xD5,,
2.239656000000000,\xC5,,
2.239751360000000,\xEA,,
2.239846720000000,\xD5,,
2.239942080000000,E,,
2.240037600000000,U,,
2.240132960000000,\xA8,,
2.240228320000000,\xC5,,
2.240323680000000,\xDC,,
2.240419040000000,\xD5,,
2.240514400000000,\xDC,,
2.240609920000000,U,,
2.240705280000000,\xDC,,
2.240800640000000,\xC5,,
2.240896000000000,\xDC,,
2.240991360000000,\xD5,,
2.241086720000000,\xDC,,
2.241182240000000,U,,
2.241277600000000,\xDC,,
2.241372960000000,\xC5,,
2.241468320000000,\xDC,,
2.241563680000000,\xD5,,
2.241659200000000,\xDC,,
2.241754560000000,U,,
2.241849920000000,\xDC,,
2.241945280000000,\x05,,
2.242040640000000,\xDC,,
2.242136000000000,\x05,,
2.242231520000000,\x95,,
2.242326880000000,\xEC,,
2.243369760000000, ,,
2.243465120000000,@,,
2.243560640000000,\xD5,,
2.243656000000000,\xC5,,
2.243751360000000,\xEA,,
2.243846720000000,\xD5,,
2.243942080000000,E,,
2.244037600000000,U,,
2.244132960000000,\xA8,,
2.244228320000000,\xC5,,
2.244323680000000,\xDC,,
2.244419040000000,\xD5,,
2.244514400000000,\xDC,,
2.244609920000000,U,,
2.244705280000000,\xDC,,
2.244800640000000,\xC5,,
2.244896000000000,\xDC,,
2.244991360000000,\xD5,,
2.245086880000000,\xDC,,
2.245182240000000,U,,
2.245277600000000,\xDC,,
2.245372960000000,\xC5,,
2.245468320000000,\xDC,,
2.245563680000000,\xD5,,
2.245659200000000,\xDC,,
2.245754560000000,U,,
2.245849920000000,\xDC,,
2.245945280000000,\x05,,
2.246040640000000,\xDC,,
2.246136000000000,\x05,,
2.246231520000000,\x95,,
2.246326880000000,\xEC,,
2.247386400000000, ,,
2.247481760000000,@,,
2.247577280000000,\xD5,,
2.247672640000000,\xC5,,
2.247768000000000,\xEA,,
2.247863360000000,\xD5,,
2.247958720000000,E,,
2.248054240000000,U,,
2.248149600000000,\xA8,,
2.248244960000000,\xC5,,
2.248340320000000,\xDC,,
2.248435680000000,\xD5,,
2.248531040000000,\xDC,,
2.248626560000000,U,,
2.248721920000000,\xDC,,
2.248817280000000,\xC5,,
2.248912640000000,\xDC,,
2.249008000000000,\xD5,,
2.249103360000000,\xDC,,
2.249198880000000,U,,
2.249294240000000,\xDC,,
2.249389600000000,\xC5,,
2.249484960000000,\xDC,,
2.249580320000000,\xD5,,
2.249675840000000,\xDC,,
2.249771200000000,U,,
2.249866560000000,\xDC,,
2.249961920000000,\x05,,
2.250057280000000,\xDC,,
2.250152640000000,\x05,,
2.250248160000000,\x95,,
2.250343520000000,\xEC,,
2.251369600000000, ,,
2.251464960000000,@,,
2.251560320000000,\xD5,,
2.251655840000000,\xC5,,
2.251751200000000,\xEA,,
2.251846560000000,\xD5,,
2.251941920000000,E,,
2.252037280000000,U,,
2.252132640000000,\xA8,,
2.252228160000000,\xC5,,
2.252323520000000,\xDC,,
2.252418880000000,\xD5,,
2.252514240000000,\xDC,,
2.252609600000000,U,,
2.252705120000000,\xDC,,
2.252800480000000,\xC5,,
2.252895840000000,\xDC,,
2.252991200000000,\xD5,,
2.253086560000000,\xDC,,
2.253181920000000,U,,
2.253277440000000,\xDC,,
2.253372800000000,\xC5,,
2.253468160000000,\xDC,,
2.253563520000000,\xD5,,
2.253658880000000,\xDC,,
2.253754400000000,U,,
2.253849760000000,\xDC,,
2.253945120000000,\x05,,
2.254040480000000,\xDC,,
2.254135840000000,\x05,,
2.254231200000000,\x95,,
2.254326720000000,\xEC,,
2.255369600000000, ,,
2.255464960000000,@,,
2.255560320000000,\xD5,,
2.255655680000000,\xC5,,
2.255751200000000,\xEA,,
2.255846560000000,\xD5,,
2.255941920000000,E,,
2.256037280000000,U,,
2.256132640000000,\xA8,,
2.256228160000000,\xC5,,
2.256323520000000,\xDC,,
2.256418880000000,\xD5,,
2.256514240000000,\xDC,,
2.256609600000000,U,,
2.256704960000000,\xDC,,
2.256800480000000,\xC5,,
2.256895840000000,\xDC,,
2.256991200000000,\xD5,,
2.257086560000000,\xDC,,
2.257181920000000,U,,
2.257277280000000,\xDC,,
2.257372800000000,\xC5,,
2.257468160000000,\xDC,,
2.257563520000000,\xD5,,
2.257658880000000,\xDC,,
2.257754240000000,U,,
2.257849760000000,\xDC,,
2.257945120000000,\x05,,
2.258040480000000,\xDC,,
2.258135840000000,\x05,,
2.258231200000000,\x95,,
2.258326560000000,\xEC,,
2.259369440000000, ,,
2.259464800000000,@,,
2.259560320000000,\xD5,,
2.259655680000000,\xC5,,
2.259751040000000,\xEA,,
2.259846400000000,\xD5,,
2.259941760000000,E,,
2.260037280000000,U,,
2.260132640000000,\xA8,,
2.260228000000000,\xC5,,
2.260323360000000,\xDC,,
2.260418720000000,\xD5,,
2.260514080000000,\xDC,,
2.260609600000000,U,,
2.260704960000000,\xDC,,
2.260800320000000,\xC5,,
2.260895680000000,\xDC,,
2.260991040000000,\xD5,,
2.261086400000000,\xDC,,
2.261181920000000,U,,
2.261277280000000,\xDC,,
2.261372640000000,\xC5,,
2.261468000000000,\xDC,,
2.261563360000000,\xD5,,
2.261658880000000,\xDC,,
2.261754240000000,U,,
2.261849600000000,\xDC,,
2.261944960000000,\x05,,
2.262040320000000,\xDC,,
2.262135680000000,\x05,,
2.262231200000000,\x95,,
2.262326560000000,\xEC,,
2.263369440000000, ,,
2.263464800000000,@,,
2.263560160000000,\xD5,,
2.263655680000000,\xC5,,
2.263751040000000,\xEA,,
2.263846400000000,\xD5,,
2.263941760000000,E,,
2.264037120000000,U,,
2.264132480000000,\xA8,,
2.264228000000000,\xC5,,
2.264323360000000,\xDC,,
2.264418720000000,\xD5,,
2.264514080000000,\xDC,,
2.264609440000000,U,,
2.264704800000000,\xDC,,
2.264800320000000,\xC5,,
2.264895680000000,\xDC,,
2.264991040000000,\xD5,,
2.265086400000000,\xDC,,
2.265181760000000,U,,
2.265277280000000,\xDC,,
2.265372640000000,\xC5,,
2.265468000000000,\xDC,,
2.265563360000000,\xD5,,
2.265658720000000,\xDC,,
2.265754080000000,U,,
2.265849600000000,\xDC,,
2.265944960000000,\x05,,
2.266040320000000,\xDC,,
2.266135680000000,\x05,,
2.266231040000000,\x95,,
2.266326560000000,\xEC,,
2.267369280000000, ,,
2.267464640000000,@,,
2.267560160000000,\xD5,,
2.267655520000000,\xC5,,
2.267750880000000,\xEA,,
2.267846240000000,\xD5,,
2.267941600000000,E,,
2.268036960000000,U,,
2.268132480000000,\xA8,,
2.268227840000000,\xC5,,
2.268323200000000,\xDC,,
2.268418560000000,\xD5,,
2.268513920000000,\xDC,,
2.268609440000000,U,,
2.268704800000000,\xDC,,
2.268800160000000,\xC5,,
2.268895520000000,\xDC,,
2.268990880000000,\xD5,,
2.269086240000000,\xDC,,
2.269181760000000,U,,
2.269277120000000,\xDC,,
2.269372480000000,\xC5,,
2.269467840000000,\xDC,,
2.269563200000000,\xD5,,
2.269658720000000,\xDC,,
2.269754080000000,U,,
2.269849440000000,\xDC,,
2.269944800000000,\x05,,
2.270040160000000,\xDC,,
2.270135520000000,\x05,,
2.270231040000000,\x95,,
2.270326400000000,\xEC,,
2.271369280000000, ,,
2.271464640000000,@,,
2.271560000000000,\xD5,,
2.271655360000000,\xC5,,
2.271750880000000,\xEA,,
2.271846240000000,\xD5,,
2.271941600000000,E,,
2.272036960000000,U,,
2.272132320000000,\xA8,,
2.272227680000000,\xC5,,
2.272323200000000,\xDC,,
2.272418560000000,\xD5,,
2.272513920000000,\xDC,,
2.272609280000000,U,,
2.272704640000000,\xDC,,
2.272800160000000,\xC5,,
2.272895520000000,\xDC,,
2.272990880000000,\xD5,,
2.273086240000000,\xDC,,
2.273181600000000,U,,
2.273276960000000,\xDC,,
2.273372480000000,\xC5,,
2.273467840000000,\xDC,,
2.273563200000000,\xD5,,
2.273658560000000,\xDC,,
2.273753920000000,U,,
2.273849280000000,\xDC,,
2.273944800000000,\x05,,
2.274040160000000,\xDC,,
2.274135520000000,\x05,,
2.274230880000000,\x95,,
2.274326240000000,\xEC,,
2.275369120000000, ,,
2.275464640000000,@,,
2.275560000000000,\xD5,,
2.275655360000000,\xC5,,
2.275750720000000,\xEA,,
2.275846080000000,\xD5,,
2.275941440000000,E,,
2.276036960000000,U,,
2.276132320000000,\xA8,,
2.276227680000000,\xC5,,
2.276323040000000,\xDC,,
2.276418400000000,\xD5,,
2.276513920000000,\xDC,,
2.276609280000000,U,,
2.276704640000000,\xDC,,
2.276800000000000,\xC5,,
2.276895360000000,\xDC,,
2.276990880000000,\xD5,,
2.277086240000000,\xDC,,
2.277181600000000,U,,
2.277276960000000,\xDC,,
2.277372320000000,\xC5,,
2.277467680000000,\xDC,,
2.277563200000000,\xD5,,
2.277658560000000,\xDC,,
2.277753920000000,U,,
2.277849280000000,\xDC,,
2.277944640000000,\x05,,
2.278040160000000,\xDC,,
2.278135520000000,\x05,,
2.278230880000000,\x95,,
2.278326240000000,\xEC,,
2.279369120000000, ,,
2.279464480000000,@,,
2.279560000000000,\xD5,,
2.279655360000000,\xC5,,
2.279750720000000,\xEA,,
2.279846080000000,\xD5,,
2.279941440000000,E,,
2.280036960000000,U,,
2.280132320000000,\xA8,,
2.280227680000000,\xC5,,
2.280323040000000,\xDC,,
2.280418400000000,\xD5,,
2.280513760000000,\xDC,,
2.280609280000000,U,,
2.280704640000000,\xDC,,
2.280800000000000,\xC5,,
2.280895360000000,\xDC,,
2.280990720000000,\xD5,,
2.281086240000000,\xDC,,
2.281181600000000,U,,
2.281276960000000,\xDC,,
2.281372320000000,\xC5,,
2.281467680000000,\xDC,,
2.281563040000000,\xD5,,
2.281658560000000,\xDC,,
2.281753920000000,U,,
2.281849280000000,\xDC,,
2.281944640000000,\x05,,
2.282040000000000,\xDC,,
2.282135360000000,\x05,,
2.282230880000000,\x95,,
2.282326240000000,\xEC,,
2.283380800000000, ,,
2.283476160000000,@,,
2.283571520000000,\xD5,,
2.283667040000000,\xC5,,
2.283762400000000,\xEA,,
2.283857760000000,\xD5,,
2.283953120000000,E,,
2.284048480000000,U,,
2.284144000000000,\xA8,,
2.284239360000000,\xC5,,
2.284334720000000,\xDC,,
2.284430080000000,\xD5,,
2.284525440000000,\xDC,,
2.284620800000000,U,,
2.284716320000000,\xDC,,
2.284811680000000,\xC5,,
2.284907040000000,\xDC,,
2.285002400000000,\xD5,,
2.285097760000000,\xDC,,
2.285193280000000,U,,
2.285288640000000,\xDC,,
2.285384000000000,\xC5,,
2.285479360000000,\xDC,,
2.285574720000000,\xD5,,
2.285670080000000,\xDC,,
2.285765600000000,U,,
2.285860960000000,\xDC,,
2.285956320000000,\x05,,
2.286051680000000,\xDC,,
2.286147040000000,\x05,,
2.286242560000000,\x95,,
2.286337920000000,\xEC,,
2.287394080000000, ,,
2.287489440000000,@,,
2.287584960000000,\xD5,,
2.287680320000000,\xC5,,
2.287775680000000,\xEA,,
2.287871040000000,\xD5,,
2.287966400000000,E,,
2.288061760000000,U,,
2.288157280000000,\xA8,,
2.288252640000000,\xC5,,
2.288348000000000,\xDC,,
2.288443360000000,\xD5,,
2.288538720000000,\xDC,,
2.288634240000000,U,,
2.288729600000000,\xDC,,
2.288824960000000,\xC5,,
2.288920320000000,\xDC,,
2.289015680000000,\xD5,,
2.289111200000000,\xDC,,
2.289206560000000,U,,
2.289301920000000,\xDC,,
2.289397280000000,\xC5,,
2.289492640000000,\xDC,,
2.289588000000000,\xD5,,
2.289683520000000,\xDC,,
2.289778880000000,U,,
2.289874240000000,\xDC,,
2.289969600000000,\x05,,
2.290064960000000,\xDC,,
2.290160480000000,\x05,,
2.290255840000000,\x95,,
2.290351200000000,\xEC,,
2.291368960000000, ,,
2.291464320000000,@,,
2.291559680000000,\xD5,,
2.291655040000000,\xC5,,
2.291750560000000,\xEA,,
2.291845920000000,\xD5,,
2.291941280000000,E,,
2.292036640000000,U,,
2.292132000000000,\xA8,,
2.292227520000000,\xC5,,
2.292322880000000,\xDC,,
2.292418240000000,\xD5,,
2.292513600000000,\xDC,,
2.292608960000000,U,,
2.292704320000000,\xDC,,
2.292799840000000,\xC5,,
2.292895200000000,\xDC,,
2.292990560000000,\xD5,,
2.293085920000000,\xDC,,
2.293181280000000,U,,
2.293276800000000,\xDC,,
2.293372160000000,\xC5,,
2.293467520000000,\xDC,,
2.293562880000000,\xD5,,
2.293658240000000,\xDC,,
2.293753600000000,U,,
2.293849120000000,\xDC,,
2.293944480000000,\x05,,
2.294039840000000,\xDC,,
2.294135200000000,\x05,,
2.294230560000000,\x95,,
2.294325920000000,\xEC,,
2.295368800000000, ,,
2.295464160000000,@,,
2.295559680000000,\xD5,,
2.295655040000000,\xC5,,
2.295750400000000,\xEA,,
2.295845760000000,\xD5,,
2.295941120000000,E,,
2.296036480000000,U,,
2.296132000000000,\xA8,,
2.296227360000000,\xC5,,
2.296322720000000,\xDC,,
2.296418080000000,\xD5,,
2.296513440000000,\xDC,,
2.296608960000000,U,,
2.296704320000000,\xDC,,
2.296799680000000,\xC5,,
2.296895040000000,\xDC,,
2.296990400000000,\xD5,,
2.297085760000000,\xDC,,
2.297181280000000,U,,
2.297276640000000,\xDC,,
2.297372000000000,\xC5,,
2.297467360000000,\xDC,,
2.297562720000000,\xD5,,
2.297658240000000,\xDC,,
2.297753600000000,U,,
2.297848960000000,\xDC,,
2.297944320000000,\x05,,
2.298039680000000,\xDC,,
2.298135040000000,\x05,,
2.298230560000000,\x95,,
2.298325920000000,\xEC,,
2.299368800000000, ,,
2.299464160000000,@,,
2.299559520000000,\xD5,,
2.299655040000000,\xC5,,
2.299750400000000,\xEA,,
2.299845760000000,\xD5,,
2.299941120000000,E,,
2.300036480000000,U,,
2.300131840000000,\xA8,,
2.300227360000000,\xC5,,
2.300322720000000,\xDC,,
2.300418080000000,\xD5,,
2.300513440000000,\xDC,,
2.300608800000000,U,,
2.300704320000000,\xDC,,
2.300799680000000,\xC5,,
2.300895040000000,\xDC,,
2.300990400000000,\xD5,,
2.301085760000000,\xDC,,
2.301181120000000,U,,
2.301276640000000,\xDC,,
2.301372000000000,\xC5,,
2.301467360000000,\xDC,,
2.301562720000000,\xD5,,
2.301658080000000,\xDC,,
2.301753600000000,U,,
2.301848960000000,\xDC,,
2.301944320000000,\x05,,
2.302039680000000,\xDC,,
2.302135040000000,\x05,,
2.302230400000000,\x95,,
2.302325920000000,\xEC,,
2.303368640000000, ,,
2.303464000000000,@,,
2.303559520000000,\xD5,,
2.303654880000000,\xC5,,
2.303750240000000,\xEA,,
2.303845600000000,\xD5,,
2.303940960000000,E,,
2.304036320000000,U,,
2.304131840000000,\xA8,,
2.304227200000000,\xC5,,
2.304322560000000,\xDC,,
2.304417920000000,\xD5,,
2.304513280000000,\xDC,,
2.304608800000000,U,,
2.304704160000000,\xDC,,
2.304799520000000,\xC5,,
2.304894880000000,\xDC,,
2.304990240000000,\xD5,,
2.305085600000000,\xDC,,
2.305181120000000,U,,
2.305276480000000,\xDC,,
2.305371840000000,\xC5,,
2.305467200000000,\xDC,,
2.305562560000000,\xD5,,
2.305658080000000,\xDC,,
2.305753440000000,U,,
2.305848800000000,\xDC,,
2.305944160000000,\x05,,
2.306039520000000,\xDC,,
2.306135040000000,\x05,,
2.306230400000000,\x95,,
2.306325760000000,\xEC,,
2.307368640000000, ,,
2.307464000000000,@,,
2.307559520000000,\xD5,,
2.307654880000000,\xC5,,
2.307750240000000,\xEA,,
2.307845600000000,\xD5,,
2.307940960000000,E,,
2.308036320000000,U,,
2.308131840000000,\xA8,,
2.308227200000000,\xC5,,
2.308322560000000,\xDC,,
2.308417920000000,\xD5,,
2.308513280000000,\xDC,,
2.308608800000000,U,,
2.308704160000000,\xDC,,
2.308799520000000,\xC5,,
2.308894880000000,\xDC,,
2.308990240000000,\xD5,,
2.309085600000000,\xDC,,
2.309181120000000,U,,
2.309276480000000,\xDC,,
2.309371840000000,\xC5,,
2.309467200000000,\xDC,,
2.309562560000000,\xD5,,
2.309658080000000,\xDC,,
2.309753440000000,U,,
2.309848800000000,\xDC,,
2.309944160000000,\x05,,
2.310039520000000,\xDC,,
2.310134880000000,\x05,,
2.310230400000000,\x95,,
2.310325760000000,\xEC,,
2.311368640000000, ,,
2.311464000000000,@,,
2.311559360000000,\xD5,,
2.311654720000000,\xC5,,
2.311750080000000,\xEA,,
2.311845600000000,\xD5,,
2.311940960000000,E,,
2.312036320000000,U,,
2.312131680000000,\xA8,,
2.312227040000000,\xC5,,
2.312322400000000,\xDC,,
2.312417920000000,\xD5,,
2.312513280000000,\xDC,,
2.312608640000000,U,,
2.312704000000000,\xDC,,
2.312799360000000,\xC5,,
2.312894720000000,\xDC,,
2.312990240000000,\xD5,,
2.313085600000000,\xDC,,
2.313180960000000,U,,
2.313276320000000,\xDC,,
2.313371680000000,\xC5,,
2.313467200000000,\xDC,,
2.313562560000000,\xD5,,
2.313657920000000,\xDC,,
2.313753280000000,U,,
2.313848640000000,\xDC,,
2.313944000000000,\x05,,
2.314039520000000,\xDC,,
2.314134880000000,\x05,,
2.314230240000000,\x95,,
2.314325600000000,\xEC,,
2.315368480000000, ,,
2.315463840000000,@,,
2.315559200000000,\xD5,,
2.315654720000000,\xC5,,
2.315750080000000,\xEA,,
2.315845440000000,\xD5,,
2.315940800000000,E,,
2.316036160000000,U,,
2.316131520000000,\xA8,,
2.316227040000000,\xC5,,
2.316322400000000,\xDC,,
2.316417760000000,\xD5,,
2.316513120000000,\xDC,,
2.316608480000000,U,,
2.316703840000000,\xDC,,
2.316799360000000,\xC5,,
2.316894720000000,\xDC,,
2.316990080000000,\xD5,,
2.317085440000000,\xDC,,
2.317180800000000,U,,
2.317276320000000,\xDC,,
2.317371680000000,\xC5,,
2.317467040000000,\xDC,,
2.317562400000000,\xD5,,
2.317657760000000,\xDC,,
2.317753120000000,U,,
2.317848640000000,\xDC,,
2.317944000000000,\x05,,
2.318039360000000,\xDC,,
2.318134720000000,\x05,,
2.318230080000000,\x95,,
2.318325600000000,\xEC,,
2.319377920000000, ,,
2.319473280000000,@,,
2.319568800000000,\xD5,,
2.319664160000000,\xC5,,
2.319759520000000,\xEA,,
2.319854880000000,\xD5,,
2.319950240000000,E,,
2.320045600000000,U,,
2.320141120000000,\xA8,,
2.320236480000000,\xC5,,
2.320331840000000,\xDC,,
2.320427200000000,\xD5,,
2.320522560000000,\xDC,,
2.320618080000000,U,,
2.320713440000000,\xDC,,
2.320808800000000,\xC5,,
2.320904160000000,\xDC,,
2.320999520000000,\xD5,,
2.321094880000000,\xDC,,
2.321190400000000,U,,
2.321285760000000,\xDC,,
2.321381120000000,\xC5,,
2.321476480000000,\xDC,,
2.321571840000000,\xD5,,
2.321667360000000,\xDC,,
2.321762720000000,U,,
2.321858080000000,\xDC,,
2.321953440000000,\x05,,
2.322048800000000,\xDC,,
2.322144160000000,\x05,,
2.322239680000000,\x95,,
2.322335040000000,\xEC,,
2.323368320000000, ,,
2.323463680000000,@,,
2.323559040000000,\xD5,,
2.323654560000000,\xC5,,
2.323749920000000,\xEA,,
2.323845280000000,\xD5,,
2.323940640000000,E,,
2.324036000000000,U,,
2.324131360000000,\xA8,,
2.324226880000000,\xC5,,
2.324322240000000,\xDC,,
2.324417600000000,\xD5,,
2.324512960000000,\xDC,,
2.324608320000000,U,,
2.324703840000000,\xDC,,
2.324799200000000,\xC5,,
2.324894560000000,\xDC,,
2.324989920000000,\xD5,,
2.325085280000000,\xDC,,
2.325180800000000,U,,
2.325276160000000,\xDC,,
2.325371520000000,\xC5,,
2.325466880000000,\xDC,,
2.325562240000000,\xD5,,
2.325657600000000,\xDC,,
2.325753120000000,U,,
2.325848480000000,\xDC,,
2.325943840000000,\x05,,
2.326039200000000,\xDC,,
2.326134560000000,\x05,,
2.326230080000000,\x95,,
2.326325440000000,\xEC,,
2.327377760000000, ,,
2.327473120000000,@,,
2.327568640000000,\xD5,,
2.327664000000000,\xC5,,
2.327759360000000,\xEA,,
2.327854720000000,\xD5,,
2.327950080000000,E,,
2.328045600000000,U,,
2.328140960000000,\xA8,,
2.328236320000000,\xC5,,
2.328331680000000,\xDC,,
2.328427040000000,\xD5,,
2.328522400000000,\xDC,,
2.328617920000000,U,,
2.328713280000000,\xDC,,
2.328808640000000,\xC5,,
2.328904000000000,\xDC,,
2.328999360000000,\xD5,,
2.329094880000000,\xDC,,
2.329190240000000,U,,
2.329285600000000,\xDC,,
2.329380960000000,\xC5,,
2.329476320000000,\xDC,,
2.329571680000000,\xD5,,
2.329667200000000,\xDC,,
2.329762560000000,U,,
2.329857920000000,\xDC,,
2.329953280000000,\x05,,
2.330048640000000,\xDC,,
2.330144160000000,\x05,,
2.330239520000000,\x95,,
2.330334880000000,\xEC,,
2.331369600000000, ,,
2.331465120000000,@,,
2.331560480000000,\xD5,,
2.331655840000000,\xC5,,
2.331751200000000,\xEA,,
2.331846560000000,\xD5,,
2.331941920000000,E,,
2.332037440000000,U,,
2.332132800000000,\xA8,,
2.332228160000000,\xC5,,
2.332323520000000,\xDC,,
2.332418880000000,\xD5,,
2.332514400000000,\xDC,,
2.332609760000000,U,,
2.332705120000000,\xDC,,
2.332800480000000,\xC5,,
2.332895840000000,\xDC,,
2.332991200000000,\xD5,,
2.333086720000000,\xDC,,
2.333182080000000,U,,
2.333277440000000,\xDC,,
2.333372800000000,\xC5,,
2.333468160000000,\xDC,,
2.333563520000000,\xD5,,
2.333659040000000,\xDC,,
2.333754400000000,U,,
2.333849760000000,\xDC,,
2.333945120000000,\x05,,
2.334040480000000,\xDC,,
2.334136000000000,\x05,,
2.334231360000000,\x95,,
2.334326720000000,\xEC,,
2.335368160000000, ,,
2.335463520000000,@,,
2.335558880000000,\xD5,,
2.335654240000000,\xC5,,
2.335749600000000,\xEA,,
2.335845120000000,\xD5,,
2.335940480000000,E,,
2.336035840000000,U,,
2.336131200000000,\xA8,,
2.336226560000000,\xC5,,
2.336322080000000,\xDC,,
2.336417440000000,\xD5,,
2.336512800000000,\xDC,,
2.336608160000000,U,,
2.336703520000000,\xDC,,
2.336798880000000,\xC5,,
2.336894400000000,\xDC,,
2.336989760000000,\xD5,,
2.337085120000000,\xDC,,
2.337180480000000,U,,
2.337275840000000,\xDC,,
2.337371360000000,\xC5,,
2.337466720000000,\xDC,,
2.337562080000000,\xD5,,
2.337657440000000,\xDC,,
2.337752800000000,U,,
2.337848160000000,\xDC,,
2.337943680000000,\x05,,
2.338039040000000,\xDC,,
2.338134400000000,\x05,,
2.338229760000000,\x95,,
2.338325120000000,\xEC,,
2.339368160000000, ,,
2.339463520000000,@,,
2.339558880000000,\xD5,,
2.339654240000000,\xC5,,
2.339749600000000,\xEA,,
2.339845120000000,\xD5,,
2.339940480000000,E,,
2.340035840000000,U,,
2.340131200000000,\xA8,,
2.340226560000000,\xC5,,
2.340322080000000,\xDC,,
2.340417440000000,\xD5,,
2.340512800000000,\xDC,,
2.340608160000000,U,,
2.340703520000000,\xDC,,
2.340798880000000,\xC5,,
2.340894400000000,\xDC,,
2.340989760000000,\xD5,,
2.341085120000000,\xDC,,
2.341180480000000,U,,
2.341275840000000,\xDC,,
2.341371360000000,\xC5,,
2.341466720000000,\xDC,,
2.341562080000000,\xD5,,
2.341657440000000,\xDC,,
2.341752800000000,U,,
2.341848160000000,\xDC,,
2.341943680000000,\x05,,
2.342039040000000,\xDC,,
2.342134400000000,\x05,,
2.342229760000000,\x95,,
2.342325120000000,\xEC,,
2.343368000000000, ,,
2.343463360000000,@,,
2.343558720000000,\xD5,,
2.343654080000000,\xC5,,
2.343749600000000,\xEA,,
2.343844960000000,\xD5,,
2.343940320000000,E,,
2.344035680000000,U,,
2.344131040000000,\xA8,,
2.344226560000000,\xC5,,
2.344321920000000,\xDC,,
2.344417280000000,\xD5,,
2.344512640000000,\xDC,,
2.344608000000000,U,,
2.344703360000000,\xDC,,
2.344798880000000,\xC5,,
2.344894240000000,\xDC,,
2.344989600000000,\xD5,,
2.345084960000000,\xDC,,
2.345180320000000,U,,
2.345275840000000,\xDC,,
2.345371200000000,\xC5,,
2.345466560000000,\xDC,,
2.345561920000000,\xD5,,
2.345657280000000,\xDC,,
2.345752640000000,U,,
2.345848160000000,\xDC,,
2.345943520000000,\x05,,
2.346038880000000,\xDC,,
2.346134240000000,\x05,,
2.346229600000000,\x95,,
2.346325120000000,\xEC,,
2.347368000000000, ,,
2.347463360000000,@,,
2.347558720000000,\xD5,,
2.347654080000000,\xC5,,
2.347749440000000,\xEA,,
2.347844800000000,\xD5,,
2.347940320000000,E,,
2.348035680000000,U,,
2.348131040000000,\xA8,,
2.348226400000000,\xC5,,
2.348321760000000,\xDC,,
2.348417280000000,\xD5,,
2.348512640000000,\xDC,,
2.348608000000000,U,,
2.348703360000000,\xDC,,
2.348798720000000,\xC5,,
2.348894080000000,\xDC,,
2.348989600000000,\xD5,,
2.349084960000000,\xDC,,
2.349180320000000,U,,
2.349275680000000,\xDC,,
2.349371040000000,\xC5,,
2.349466560000000,\xDC,,
2.349561920000000,\xD5,,
2.349657280000000,\xDC,,
2.349752640000000,U,,
2.349848000000000,\xDC,,
2.349943360000000,\x05,,
2.350038880000000,\xDC,,
2.350134240000000,\x05,,
2.350229600000000,\x95,,
2.350324960000000,\xEC,,
2.351367840000000, ,,
2.351463200000000,@,,
2.351558560000000,\xD5,,
2.351654080000000,\xC5,,
2.351749440000000,\xEA,,
2.351844800000000,\xD5,,
2.351940160000000,E,,
2.352035520000000,U,,
2.352130880000000,\xA8,,
2.352226400000000,\xC5,,
2.352321760000000,\xDC,,
2.352417120000000,\xD5,,
2.352512480000000,\xDC,,
2.352607840000000,U,,
2.352703200000000,\xDC,,
2.352798720000000,\xC5,,
2.352894080000000,\xDC,,
2.352989440000000,\xD5,,
2.353084800000000,\xDC,,
2.353180160000000,U,,
2.353275680000000,\xDC,,
2.353371040000000,\xC5,,
2.353466400000000,\xDC,,
2.353561760000000,\xD5,,
2.353657120000000,\xDC,,
2.353752480000000,U,,
2.353848000000000,\xDC,,
2.353943360000000,\x05,,
2.354038720000000,\xDC,,
2.354134080000000,\x05,,
2.354229440000000,\x95,,
2.354324960000000,\xEC,,
2.355367840000000, ,,
2.355463200000000,@,,
2.355558560000000,\xD5,,
2.355654080000000,\xC5,,
2.355749440000000,\xEA,,
2.355844800000000,\xD5,,
2.355940160000000,E,,
2.356035520000000,U,,
2.356130880000000,\xA8,,
2.356226400000000,\xC5,,
2.356321760000000,\xDC,,
2.356417120000000,\xD5,,
2.356512480000000,\xDC,,
2.356607840000000,U,,
2.356703360000000,\xDC,,
2.356798720000000,\xC5,,
2.356894080000000,\xDC,,
2.356989440000000,\xD5,,
2.357084800000000,\xDC,,
2.357180160000000,U,,
2.357275680000000,\xDC,,
2.357371040000000,\xC5,,
2.357466400000000,\xDC,,
2.357561760000000,\xD5,,
2.357657120000000,\xDC,,
2.357752480000000,U,,
2.357848000000000,\xDC,,
2.357943360000000,\x05,,
2.358038720000000,\xDC,,
2.358134080000000,\x05,,
2.358229440000000,\x95,,
2.358324960000000,\xEC,,
2.359367680000000, ,,
2.359463200000000,@,,
2.359558560000000,\xD5,,
2.359653920000000,\xC5,,
2.359749280000000,\xEA,,
2.359844640000000,\xD5,,
2.359940000000000,E,,
2.360035520000000,U,,
2.360130880000000,\xA8,,
2.360226240000000,\xC5,,
2.360321600000000,\xDC,,
2.360416960000000,\xD5,,
2.360512480000000,\xDC,,
2.360607840000000,U,,
2.360703200000000,\xDC,,
2.360798560000000,\xC5,,
2.360893920000000,\xDC,,
2.360989280000000,\xD5,,
2.361084800000000,\xDC,,
2.361180160000000,U,,
2.361275520000000,\xDC,,
2.361370880000000,\xC5,,
2.361466240000000,\xDC,,
2.361561600000000,\xD5,,
2.361657120000000,\xDC,,
2.361752480000000,U,,
2.361847840000000,\xDC,,
2.361943200000000,\x05,,
2.362038560000000,\xDC,,
2.362134080000000,\x05,,
2.362229440000000,\x95,,
2.362324800000000,\xEC,,
2.363367680000000, ,,
2.363463040000000,@,,
2.363558400000000,\xD5,,
2.363653760000000,\xC5,,
2.363749120000000,\xEA,,
2.363844640000000,\xD5,,
2.363940000000000,E,,
2.364035360000000,U,,
2.364130720000000,\xA8,,
2.364226080000000,\xC5,,
2.364321600000000,\xDC,,
2.364416960000000,\xD5,,
2.364512320000000,\xDC,,
2.364607680000000,U,,
2.364703040000000,\xDC,,
2.364798400000000,\xC5,,
2.364893920000000,\xDC,,
2.364989280000000,\xD5,,
2.365084640000000,\xDC,,
2.365180000000000,U,,
2.365275360000000,\xDC,,
2.365370880000000,\xC5,,
2.365466240000000,\xDC,,
2.365561600000000,\xD5,,
2.365656960000000,\xDC,,
2.365752320000000,U,,
2.365847680000000,\xDC,,
2.365943200000000,\x05,,
2.366038560000000,\xDC,,
2.366133920000000,\x05,,
2.366229280000000,\x95,,
2.366324640000000,\xEC,,
2.367367520000000, ,,
2.367462880000000,@,,
2.367558400000000,\xD5,,
2.367653760000000,\xC5,,
2.367749120000000,\xEA,,
2.367844480000000,\xD5,,
2.367939840000000,E,,
2.368035360000000,U,,
2.368130720000000,\xA8,,
2.368226080000000,\xC5,,
2.368321440000000,\xDC,,
2.368416800000000,\xD5,,
2.368512160000000,\xDC,,
2.368607680000000,U,,
2.368703040000000,\xDC,,
2.368798400000000,\xC5,,
2.368893760000000,\xDC,,
2.368989120000000,\xD5,,
2.369084640000000,\xDC,,
2.369180000000000,U,,
2.369275360000000,\xDC,,
2.369370720000000,\xC5,,
2.369466080000000,\xDC,,
2.369561600000000,\xD5,,
2.369656960000000,\xDC,,
2.369752320000000,U,,
2.369847680000000,\xDC,,
2.369943040000000,\x05,,
2.370038400000000,\xDC,,
2.370133920000000,\x05,,
2.370229280000000,\x95,,
2.370324640000000,\xEC,,
2.371372960000000, ,,
2.371468320000000,@,,
2.371563680000000,\xD5,,
2.371659040000000,\xC5,,
2.371754400000000,\xEA,,
2.371849760000000,\xD5,,
2.371945280000000,E,,
2.372040640000000,U,,
2.372136000000000,\xA8,,
2.372231360000000,\xC5,,
2.372326720000000,\xDC,,
2.372422240000000,\xD5,,
2.372517600000000,\xDC,,
2.372612960000000,U,,
2.372708320000000,\xDC,,
2.372803680000000,\xC5,,
2.372899040000000,\xDC,,
2.372994560000000,\xD5,,
2.373089920000000,\xDC,,
2.373185280000000,U,,
2.373280640000000,\xDC,,
2.373376000000000,\xC5,,
2.373471520000000,\xDC,,
2.373566880000000,\xD5,,
2.373662240000000,\xDC,,
2.373757600000000,U,,
2.373852960000000,\xDC,,
2.373948320000000,\x05,,
2.374043840000000,\xDC,,
2.374139200000000,\x05,,
2.374234560000000,\x95,,
2.374329920000000,\xEC,,
2.375368960000000, ,,
2.375464320000000,@,,
2.375559680000000,\xD5,,
2.375655040000000,\xC5,,
2.375750400000000,\xEA,,
2.375845920000000,\xD5,,
2.375941280000000,E,,
2.376036640000000,U,,
2.376132000000000,\xA8,,
2.376227360000000,\xC5,,
2.376322720000000,\xDC,,
2.376418240000000,\xD5,,
2.376513600000000,\xDC,,
2.376608960000000,U,,
2.376704320000000,\xDC,,
2.376799680000000,\xC5,,
2.376895040000000,\xDC,,
2.376990560000000,\xD5,,
2.377085920000000,\xDC,,
2.377181280000000,U,,
2.377276640000000,\xDC,,
2.377372000000000,\xC5,,
2.377467520000000,\xDC,,
2.377562880000000,\xD5,,
2.377658240000000,\xDC,,
2.377753600000000,U,,
2.377848960000000,\xDC,,
2.377944320000000,\x05,,
2.378039840000000,\xDC,,
2.378135200000000,\x05,,
2.378230560000000,\x95,,
2.378325920000000,\xEC,,
2.379381760000000, ,,
2.379477280000000,@,,
2.379572640000000,\xD5,,
2.379668000000000,\xC5,,
2.379763360000000,\xEA,,
2.379858720000000,\xD5,,
2.379954080000000,E,,
2.380049600000000,U,,
2.380144960000000,\xA8,,
2.380240320000000,\xC5,,
2.380335680000000,\xDC,,
2.380431040000000,\xD5,,
2.380526560000000,\xDC,,
2.380621920000000,U,,
2.380717280000000,\xDC,,
2.380812640000000,\xC5,,
2.380908000000000,\xDC,,
2.381003360000000,\xD5,,
2.381098880000000,\xDC,,
2.381194240000000,U,,
2.381289600000000,\xDC,,
2.381384960000000,\xC5,,
2.381480320000000,\xDC,,
2.381575840000000,\xD5,,
2.381671200000000,\xDC,,
2.381766560000000,U,,
2.381861920000000,\xDC,,
2.381957280000000,\x05,,
2.382052640000000,\xDC,,
2.382148160000000,\x05,,
2.382243520000000,\x95,,
2.382338880000000,\xEC,,
2.383391200000000, ,,
2.383486720000000,@,,
2.383582080000000,\xD5,,
2.383677440000000,\xC5,,
2.383772800000000,\xEA,,
2.383868160000000,\xD5,,
2.383963520000000,E,,
2.384059040000000,U,,
2.384154400000000,\xA8,,
2.384249760000000,\xC5,,
2.384345120000000,\xDC,,
2.384440480000000,\xD5,,
2.384536000000000,\xDC,,
2.384631360000000,U,,
2.384726720000000,\xDC,,
2.384822080000000,\xC5,,
2.384917440000000,\xDC,,
2.385012800000000,\xD5,,
2.385108320000000,\xDC,,
2.385203680000000,U,,
2.385299040000000,\xDC,,
2.385394400000000,\xC5,,
2.385489760000000,\xDC,,
2.385585280000000,\xD5,,
2.385680640000000,\xDC,,
2.385776000000000,U,,
2.385871360000000,\xDC,,
2.385966720000000,\x05,,
2.386062080000000,\xDC,,
2.386157600000000,\x05,,
2.386252960000000,\x95,,
2.386348320000000,\xEC,,
2.387367200000000, ,,
2.387462560000000,@,,
2.387557920000000,\xD5,,
2.387653440000000,\xC5,,
2.387748800000000,\xEA,,
2.387844160000000,\xD5,,
2.387939520000000,E,,
2.388034880000000,U,,
2.388130400000000,\xA8,,
2.388225760000000,\xC5,,
2.388321120000000,\xDC,,
2.388416480000000,\xD5,,
2.388511840000000,\xDC,,
2.388607200000000,U,,
2.388702720000000,\xDC,,
2.388798080000000,\xC5,,
2.388893440000000,\xDC,,
2.388988800000000,\xD5,,
2.389084160000000,\xDC,,
2.389179680000000,U,,
2.389275040000000,\xDC,,
2.389370400000000,\xC5,,
2.389465760000000,\xDC,,
2.389561120000000,\xD5,,
2.389656480000000,\xDC,,
2.389752000000000,U,,
2.389847360000000,\xDC,,
2.389942720000000,\x05,,
2.390038080000000,\xDC,,
2.390133440000000,\x05,,
2.390228960000000,\x95,,
2.390324320000000,\xEC,,
2.391367200000000, ,,
2.391462560000000,@,,
2.391557920000000,\xD5,,
2.391653280000000,\xC5,,
2.391748640000000,\xEA,,
2.391844160000000,\xD5,,
2.391939520000000,E,,
2.392034880000000,U,,
2.392130240000000,\xA8,,
2.392225600000000,\xC5,,
2.392320960000000,\xDC,,
2.392416480000000,\xD5,,
2.392511840000000,\xDC,,
2.392607200000000,U,,
2.392702560000000,\xDC,,
2.392797920000000,\xC5,,
2.392893440000000,\xDC,,
2.392988800000000,\xD5,,
2.393084160000000,\xDC,,
2.393179520000000,U,,
2.393274880000000,\xDC,,
2.393370400000000,\xC5,,
2.393465760000000,\xDC,,
2.393561120000000,\xD5,,
2.393656480000000,\xDC,,
2.393751840000000,U,,
2.393847200000000,\xDC,,
2.393942720000000,\x05,,
2.394038080000000,\xDC,,
2.394133440000000,\x05,,
2.394228800000000,\x95,,
2.394324160000000,\xEC,,
2.395395040000000, ,,
2.395490400000000,@,,
2.395585760000000,\xD5,,
2.395681120000000,\xC5,,
2.395776640000000,\xEA,,
2.395872000000000,\xD5,,
2.395967360000000,E,,
2.396062720000000,U,,
2.396158080000000,\xA8,,
2.396253600000000,\xC5,,
2.396348960000000,\xDC,,
2.396444320000000,\xD5,,
2.396539680000000,\xDC,,
2.396635040000000,U,,
2.396730560000000,\xDC,,
2.396825920000000,\xC5,,
2.396921280000000,\xDC,,
2.397016640000000,\xD5,,
2.397112000000000,\xDC,,
2.397207360000000,U,,
2.397302880000000,\xDC,,
2.397398240000000,\xC5,,
2.397493600000000,\xDC,,
2.397588960000000,\xD5,,
2.397684320000000,\xDC,,
2.397779840000000,U,,
2.397875200000000,\xDC,,
2.397970560000000,\x05,,
2.398065920000000,\xDC,,
2.398161280000000,\x05,,
2.398256640000000,\x95,,
2.398352160000000,\xEC,,
2.399367040000000, ,,
2.399462400000000,@,,
2.399557760000000,\xD5,,
2.399653280000000,\xC5,,
2.399748640000000,\xEA,,
2.399844000000000,\xD5,,
2.399939360000000,E,,
2.400034720000000,U,,
2.400130080000000,\xA8,,
2.400225600000000,\xC5,,
2.400320960000000,\xDC,,
2.400416320000000,\xD5,,
2.400511680000000,\xDC,,
2.400607040000000,U,,
2.400702560000000,\xDC,,
2.400797920000000,\xC5,,
2.400893280000000,\xDC,,
2.400988640000000,\xD5,,
2.401084000000000,\xDC,,
2.401179360000000,U,,
2.401274880000000,\xDC,,
2.401370240000000,\xC5,,
2.401465600000000,\xDC,,
2.401560960000000,\xD5,,
2.401656320000000,\xDC,,
2.401751840000000,U,,
2.401847200000000,\xDC,,
2.401942560000000,\x05,,
2.402037920000000,\xDC,,
2.402133280000000,\x05,,
2.402228640000000,\x95,,
2.402324160000000,\xEC,,
2.403367040000000, ,,
2.403462400000000,@,,
2.403557760000000,\xD5,,
2.403653120000000,\xC5,,
2.403748480000000,\xEA,,
2.403843840000000,\xD5,,
2.403939360000000,E,,
2.404034720000000,U,,
2.404130080000000,\xA8,,
2.404225440000000,\xC5,,
2.404320800000000,\xDC,,
2.404416320000000,\xD5,,
2.404511680000000,\xDC,,
2.404607040000000,U,,
2.404702400000000,\xDC,,
2.404797760000000,\xC5,,
2.404893120000000,\xDC,,
2.404988640000000,\xD5,,
2.405084000000000,\xDC,,
2.405179360000000,U,,
2.405274720000000,\xDC,,
2.405370080000000,\xC5,,
2.405465440000000,\xDC,,
2.405560960000000,\xD5,,
2.405656320000000,\xDC,,
2.405751680000000,U,,
2.405847040000000,\xDC,,
2.405942400000000,\x05,,
2.406037920000000,\xDC,,
2.406133280000000,\x05,,
2.406228640000000,\x95,,
2.406324000000000,\xEC,,
2.407366880000000, ,,
2.407462240000000,@,,
2.407557600000000,\xD5,,
2.407652960000000,\xC5,,
2.407748480000000,\xEA,,
2.407843840000000,\xD5,,
2.407939200000000,E,,
2.408034560000000,U,,
2.408129920000000,\xA8,,
2.408225440000000,\xC5,,
2.408320800000000,\xDC,,
2.408416160000000,\xD5,,
2.408511520000000,\xDC,,
2.408606880000000,U,,
2.408702240000000,\xDC,,
2.408797760000000,\xC5,,
2.408893120000000,\xDC,,
2.408988480000000,\xD5,,
2.409083840000000,\xDC,,
2.409179200000000,U,,
2.409274560000000,\xDC,,
2.409370080000000,\xC5,,
2.409465440000000,\xDC,,
2.409560800000000,\xD5,,
2.409656160000000,\xDC,,
2.409751520000000,U,,
2.409847040000000,\xDC,,
2.409942400000000,\x05,,
2.410037760000000,\xDC,,
2.410133120000000,\x05,,
2.410228480000000,\x95,,
2.410323840000000,\xEC,,
2.411366720000000, ,,
2.411462240000000,@,,
2.411557600000000,\xD5,,
2.411652960000000,\xC5,,
2.411748320000000,\xEA,,
2.411843680000000,\xD5,,
2.411939200000000,E,,
2.412034560000000,U,,
2.412129920000000,\xA8,,
2.412225280000000,\xC5,,
2.412320640000000,\xDC,,
2.412416000000000,\xD5,,
2.412511520000000,\xDC,,
2.412606880000000,U,,
2.412702240000000,\xDC,,
2.412797600000000,\xC5,,
2.412892960000000,\xDC,,
2.412988480000000,\xD5,,
2.413083840000000,\xDC,,
2.413179200000000,U,,
2.413274560000000,\xDC,,
2.413369920000000,\xC5,,
2.413465280000000,\xDC,,
2.413560800000000,\xD5,,
2.413656160000000,\xDC,,
2.413751520000000,U,,
2.413846880000000,\xDC,,
2.413942240000000,\x05,,
2.414037600000000,\xDC,,
2.414133120000000,\x05,,
2.414228480000000,\x95,,
2.414323840000000,\xEC,,
2.415366720000000, ,,
2.415462080000000,@,,
2.415557440000000,\xD5,,
2.415652960000000,\xC5,,
2.415748320000000,\xEA,,
2.415843680000000,\xD5,,
2.415939040000000,E,,
2.416034400000000,U,,
2.416129920000000,\xA8,,
2.416225280000000,\xC5,,
2.416320640000000,\xDC,,
2.416416000000000,\xD5,,
2.416511360000000,\xDC,,
2.416606720000000,U,,
2.416702240000000,\xDC,,
2.416797600000000,\xC5,,
2.416892960000000,\xDC,,
2.416988320000000,\xD5,,
2.417083680000000,\xDC,,
2.417179200000000,U,,
2.417274560000000,\xDC,,
2.417369920000000,\xC5,,
2.417465280000000,\xDC,,
2.417560640000000,\xD5,,
2.417656000000000,\xDC,,
2.417751520000000,U,,
2.417846880000000,\xDC,,
2.417942240000000,\x05,,
2.418037600000000,\xDC,,
2.418132960000000,\x05,,
2.418228480000000,\x95,,
2.418323840000000,\xEC,,
2.419366720000000, ,,
2.419462080000000,@,,
2.419557440000000,\xD5,,
2.419652800000000,\xC5,,
2.419748160000000,\xEA,,
2.419843520000000,\xD5,,
2.419939040000000,E,,
2.420034400000000,U,,
2.420129760000000,\xA8,,
2.420225120000000,\xC5,,
2.420320480000000,\xDC,,
2.420415840000000,\xD5,,
2.420511360000000,\xDC,,
2.420606720000000,U,,
2.420702080000000,\xDC,,
2.420797440000000,\xC5,,
2.420892800000000,\xDC,,
2.420988320000000,\xD5,,
2.421083680000000,\xDC,,
2.421179040000000,U,,
2.421274400000000,\xDC,,
2.421369760000000,\xC5,,
2.421465120000000,\xDC,,
2.421560640000000,\xD5,,
2.421656000000000,\xDC,,
2.421751360000000,U,,
2.421846720000000,\xDC,,
2.421942080000000,\x05,,
2.422037600000000,\xDC,,
2.422132960000000,\x05,,
2.422228320000000,\x95,,
2.422323680000000,\xEC,,
2.423366560000000, ,,
2.423461920000000,@,,
2.423557280000000,\xD5,,
2.423652800000000,\xC5,,
2.423748160000000,\xEA,,
2.423843520000000,\xD5,,
2.423938880000000,E,,
2.424034240000000,U,,
2.424129760000000,\xA8,,
2.424225120000000,\xC5,,
2.424320480000000,\xDC,,
2.424415840000000,\xD5,,
2.424511200000000,\xDC,,
2.424606560000000,U,,
2.424702080000000,\xDC,,
2.424797440000000,\xC5,,
2.424892800000000,\xDC,,
2.424988160000000,\xD5,,
2.425083520000000,\xDC,,
2.425179040000000,U,,
2.425274400000000,\xDC,,
2.425369760000000,\xC5,,
2.425465120000000,\xDC,,
2.425560480000000,\xD5,,
2.425655840000000,\xDC,,
2.425751360000000,U,,
2.425846720000000,\xDC,,
2.425942080000000,\x05,,
2.426037440000000,\xDC,,
2.426132800000000,\x05,,
2.426228160000000,\x95,,
2.426323680000000,\xEC,,
2.427368000000000, ,,
2.427463360000000,@,,
2.427558720000000,\xD5,,
2.427654240000000,\xC5,,
2.427749600000000,\xEA,,
2.427844960000000,\xD5,,
2.427940320000000,E,,
2.428035680000000,U,,
2.428131040000000,\xA8,,
2.428226560000000,\xC5,,
2.428321920000000,\xDC,,
2.428417280000000,\xD5,,
2.428512640000000,\xDC,,
2.428608000000000,U,,
2.428703360000000,\xDC,,
2.428798880000000,\xC5,,
2.428894240000000,\xDC,,
2.428989600000000,\xD5,,
2.429084960000000,\xDC,,
2.429180320000000,U,,
2.429275840000000,\xDC,,
2.429371200000000,\xC5,,
2.429466560000000,\xDC,,
2.429561920000000,\xD5,,
2.429657280000000,\xDC,,
2.429752640000000,U,,
2.429848160000000,\xDC,,
2.429943520000000,\x05,,
2.430038880000000,\xDC,,
2.430134240000000,\x05,,
2.430229600000000,\x95,,
2.430325120000000,\xEC,,
2.431374880000000, ,,
2.431470240000000,@,,
2.431565600000000,\xD5,,
2.431660960000000,\xC5,,
2.431756480000000,\xEA,,
2.431851840000000,\xD5,,
2.431947200000000,E,,
2.432042560000000,U,,
2.432137920000000,\xA8,,
2.432233440000000,\xC5,,
2.432328800000000,\xDC,,
2.432424160000000,\xD5,,
2.432519520000000,\xDC,,
2.432614880000000,U,,
2.432710240000000,\xDC,,
2.432805760000000,\xC5,,
2.432901120000000,\xDC,,
2.432996480000000,\xD5,,
2.433091840000000,\xDC,,
2.433187200000000,U,,
2.433282560000000,\xDC,,
2.433378080000000,\xC5,,
2.433473440000000,\xDC,,
2.433568800000000,\xD5,,
2.433664160000000,\xDC,,
2.433759520000000,U,,
2.433855040000000,\xDC,,
2.433950400000000,\x05,,
2.434045760000000,\xDC,,
2.434141120000000,\x05,,
2.434236480000000,\x95,,
2.434331840000000,\xEC,,
2.435391520000000, ,,
2.435486880000000,@,,
2.435582240000000,\xD5,,
2.435677600000000,\xC5,,
2.435772960000000,\xEA,,
2.435868480000000,\xD5,,
2.435963840000000,E,,
2.436059200000000,U,,
2.436154560000000,\xA8,,
2.436249920000000,\xC5,,
2.436345440000000,\xDC,,
2.436440800000000,\xD5,,
2.436536160000000,\xDC,,
2.436631520000000,U,,
2.436726880000000,\xDC,,
2.436822240000000,\xC5,,
2.436917760000000,\xDC,,
2.437013120000000,\xD5,,
2.437108480000000,\xDC,,
2.437203840000000,U,,
2.437299200000000,\xDC,,
2.437394720000000,\xC5,,
2.437490080000000,\xDC,,
2.437585440000000,\xD5,,
2.437680800000000,\xDC,,
2.437776160000000,U,,
2.437871520000000,\xDC,,
2.437967040000000,\x05,,
2.438062400000000,\xDC,,
2.438157760000000,\x05,,
2.438253120000000,\x95,,
2.438348480000000,\xEC,,
2.439366240000000, ,,
2.439461760000000,@,,
2.439557120000000,\xD5,,
2.439652480000000,\xC5,,
2.439747840000000,\xEA,,
2.439843200000000,\xD5,,
2.439938560000000,E,,
2.440034080000000,U,,
2.440129440000000,\xA8,,
2.440224800000000,\xC5,,
2.440320160000000,\xDC,,
2.440415520000000,\xD5,,
2.440511040000000,\xDC,,
2.440606400000000,U,,
2.440701760000000,\xDC,,
2.440797120000000,\xC5,,
2.440892480000000,\xDC,,
2.440987840000000,\xD5,,
2.441083360000000,\xDC,,
2.441178720000000,U,,
2.441274080000000,\xDC,,
2.441369440000000,\xC5,,
2.441464800000000,\xDC,,
2.441560320000000,\xD5,,
2.441655680000000,\xDC,,
2.441751040000000,U,,
2.441846400000000,\xDC,,
2.441941760000000,\x05,,
2.442037120000000,\xDC,,
2.442132640000000,\x05,,
2.442228000000000,\x95,,
2.442323360000000,\xEC,,
2.443370560000000, ,,
2.443465920000000,@,,
2.443561280000000,\xD5,,
2.443656640000000,\xC5,,
2.443752000000000,\xEA,,
2.443847360000000,\xD5,,
2.443942880000000,E,,
2.444038240000000,U,,
2.444133600000000,\xA8,,
2.444228960000000,\xC5,,
2.444324320000000,\xDC,,
2.444419840000000,\xD5,,
2.444515200000000,\xDC,,
2.444610560000000,U,,
2.444705920000000,\xDC,,
2.444801280000000,\xC5,,
2.444896640000000,\xDC,,
2.444992160000000,\xD5,,
2.445087520000000,\xDC,,
2.445182880000000,U,,
2.445278240000000,\xDC,,
2.445373600000000,\xC5,,
2.445469120000000,\xDC,,
2.445564480000000,\xD5,,
2.445659840000000,\xDC,,
2.445755200000000,U,,
2.445850560000000,\xDC,,
2.445945920000000,\x05,,
2.446041440000000,\xDC,,
2.446136800000000,\x05,,
2.446232160000000,\x95,,
2.446327520000000,\xEC,,
2.447376160000000, ,,
2.447471520000000,@,,
2.447566880000000,\xD5,,
2.447662240000000,\xC5,,
2.447757600000000,\xEA,,
2.447853120000000,\xD5,,
2.447948480000000,E,,
2.448043840000000,U,,
2.448139200000000,\xA8,,
2.448234560000000,\xC5,,
2.448330080000000,\xDC,,
2.448425440000000,\xD5,,
2.448520800000000,\xDC,,
2.448616160000000,U,,
2.448711520000000,\xDC,,
2.448806880000000,\xC5,,
2.448902400000000,\xDC,,
2.448997760000000,\xD5,,
2.449093120000000,\xDC,,
2.449188480000000,U,,
2.449283840000000,\xDC,,
2.449379360000000,\xC5,,
2.449474720000000,\xDC,,
2.449570080000000,\xD5,,
2.449665440000000,\xDC,,
2.449760800000000,U,,
2.449856160000000,\xDC,,
2.449951680000000,\x05,,
2.450047040000000,\xDC,,
2.450142400000000,\x05,,
2.450237760000000,\x95,,
2.450333120000000,\xEC,,
2.451366080000000, ,,
2.451461440000000,@,,
2.451556800000000,\xD5,,
2.451652320000000,\xC5,,
2.451747680000000,\xEA,,
2.451843040000000,\xD5,,
2.451938400000000,E,,
2.452033760000000,U,,
2.452129120000000,\xA8,,
2.452224640000000,\xC5,,
2.452320000000000,\xDC,,
2.452415360000000,\xD5,,
2.452510720000000,\xDC,,
2.452606080000000,U,,
2.452701600000000,\xDC,,
2.452796960000000,\xC5,,
2.452892320000000,\xDC,,
2.452987680000000,\xD5,,
2.453083040000000,\xDC,,
2.453178400000000,U,,
2.453273920000000,\xDC,,
2.453369280000000,\xC5,,
2.453464640000000,\xDC,,
2.453560000000000,\xD5,,
2.453655360000000,\xDC,,
2.453750880000000,U,,
2.453846240000000,\xDC,,
2.453941600000000,\x05,,
2.454036960000000,\xDC,,
2.454132320000000,\x05,,
2.454227680000000,\x95,,
2.454323200000000,\xEC,,
2.455366080000000, ,,
2.455461440000000,@,,
2.455556800000000,\xD5,,
2.455652160000000,\xC5,,
2.455747520000000,\xEA,,
2.455843040000000,\xD5,,
2.455938400000000,E,,
2.456033760000000,U,,
2.456129120000000,\xA8,,
2.456224480000000,\xC5,,
2.456320000000000,\xDC,,
2.456415360000000,\xD5,,
2.456510720000000,\xDC,,
2.456606080000000,U,,
2.456701440000000,\xDC,,
2.456796800000000,\xC5,,
2.456892320000000,\xDC,,
2.456987680000000,\xD5,,
2.457083040000000,\xDC,,
2.457178400000000,U,,
2.457273760000000,\xDC,,
2.457369280000000,\xC5,,
2.457464640000000,\xDC,,
2.457560000000000,\xD5,,
2.457655360000000,\xDC,,
2.457750720000000,U,,
2.457846080000000,\xDC,,
2.457941600000000,\x05,,
2.458036960000000,\xDC,,
2.458132320000000,\x05,,
2.458227680000000,\x95,,
2.458323040000000,\xEC,,
2.459365920000000, ,,
2.459461280000000,@,,
2.459556800000000,\xD5,,
2.459652160000000,\xC5,,
2.459747520000000,\xEA,,
2.459842880000000,\xD5,,
2.459938240000000,E,,
2.460033760000000,U,,
2.460129120000000,\xA8,,
2.460224480000000,\xC5,,
2.460319840000000,\xDC,,
2.460415200000000,\xD5,,
2.460510560000000,\xDC,,
2.460606080000000,U,,
2.460701440000000,\xDC,,
2.460796800000000,\xC5,,
2.460892160000000,\xDC,,
2.460987520000000,\xD5,,
2.461083040000000,\xDC,,
2.461178400000000,U,,
2.461273760000000,\xDC,,
2.461369120000000,\xC5,,
2.461464480000000,\xDC,,
2.461560000000000,\xD5,,
2.461655360000000,\xDC,,
2.461750720000000,U,,
2.461846080000000,\xDC,,
2.461941440000000,\x05,,
2.462036800000000,\xDC,,
2.462132320000000,\x05,,
2.462227680000000,\x95,,
2.462323040000000,\xEC,,
2.463365920000000, ,,
2.463461280000000,@,,
2.463556640000000,\xD5,,
2.463652160000000,\xC5,,
2.463747520000000,\xEA,,
2.463842880000000,\xD5,,
2.463938240000000,E,,
2.464033600000000,U,,
2.464129120000000,\xA8,,
2.464224480000000,\xC5,,
2.464319840000000,\xDC,,
2.464415200000000,\xD5,,
2.464510560000000,\xDC,,
2.464605920000000,U,,
2.464701440000000,\xDC,,
2.464796800000000,\xC5,,
2.464892160000000,\xDC,,
2.464987520000000,\xD5,,
2.465082880000000,\xDC,,
2.465178400000000,U,,
2.465273760000000,\xDC,,
2.465369120000000,\xC5,,
2.465464480000000,\xDC,,
2.465559840000000,\xD5,,
2.465655200000000,\xDC,,
2.465750720000000,U,,
2.465846080000000,\xDC,,
2.465941440000000,\x05,,
2.466036800000000,\xDC,,
2.466132160000000,\x05,,
2.466227520000000,\x95,,
2.466323040000000,\xEC,,
2.467382560000000, ,,
2.467477920000000,@,,
2.467573280000000,\xD5,,
2.467668640000000,\xC5,,
2.467764000000000,\xEA,,
2.467859520000000,\xD5,,
2.467954880000000,E,,
2.468050240000000,U,,
2.468145600000000,\xA8,,
2.468240960000000,\xC5,,
2.468336480000000,\xDC,,
2.468431840000000,\xD5,,
2.468527200000000,\xDC,,
2.468622560000000,U,,
2.468717920000000,\xDC,,
2.468813280000000,\xC5,,
2.468908800000000,\xDC,,
2.469004160000000,\xD5,,
2.469099520000000,\xDC,,
2.469194880000000,U,,
2.469290240000000,\xDC,,
2.469385600000000,\xC5,,
2.469481120000000,\xDC,,
2.469576480000000,\xD5,,
2.469671840000000,\xDC,,
2.469767200000000,U,,
2.469862560000000,\xDC,,
2.469958080000000,\x05,,
2.470053440000000,\xDC,,
2.470148800000000,\x05,,
2.470244160000000,\x95,,
2.470339520000000,\xEC,,
2.471365760000000, ,,
2.471461120000000,@,,
2.471556480000000,\xD5,,
2.471651840000000,\xC5,,
2.471747360000000,\xEA,,
2.471842720000000,\xD5,,
2.471938080000000,E,,
2.472033440000000,U,,
2.472128800000000,\xA8,,
2.472224160000000,\xC5,,
2.472319680000000,\xDC,,
2.472415040000000,\xD5,,
2.472510400000000,\xDC,,
2.472605760000000,U,,
2.472701120000000,\xDC,,
2.472796640000000,\xC5,,
2.472892000000000,\xDC,,
2.472987360000000,\xD5,,
2.473082720000000,\xDC,,
2.473178080000000,U,,
2.473273440000000,\xDC,,
2.473368960000000,\xC5,,
2.473464320000000,\xDC,,
2.473559680000000,\xD5,,
2.473655040000000,\xDC,,
2.473750400000000,U,,
2.473845760000000,\xDC,,
2.473941280000000,\x05,,
2.474036640000000,\xDC,,
2.474132000000000,\x05,,
2.474227360000000,\x95,,
2.474322720000000,\xEC,,
2.475365600000000, ,,
2.475461120000000,@,,
2.475556480000000,\xD5,,
2.475651840000000,\xC5,,
2.475747200000000,\xEA,,
2.475842560000000,\xD5,,
2.475938080000000,E,,
2.476033440000000,U,,
2.476128800000000,\xA8,,
2.476224160000000,\xC5,,
2.476319520000000,\xDC,,
2.476414880000000,\xD5,,
2.476510400000000,\xDC,,
2.476605760000000,U,,
2.476701120000000,\xDC,,
2.476796480000000,\xC5,,
2.476891840000000,\xDC,,
2.476987200000000,\xD5,,
2.477082720000000,\xDC,,
2.477178080000000,U,,
2.477273440000000,\xDC,,
2.477368800000000,\xC5,,
2.477464160000000,\xDC,,
2.477559680000000,\xD5,,
2.477655040000000,\xDC,,
2.477750400000000,U,,
2.477845760000000,\xDC,,
2.477941120000000,\x05,,
2.478036480000000,\xDC,,
2.478132000000000,\x05,,
2.478227360000000,\x95,,
2.478322720000000,\xEC,,
2.479367040000000, ,,
2.479462400000000,@,,
2.479557920000000,\xD5,,
2.479653280000000,\xC5,,
2.479748640000000,\xEA,,
2.479844000000000,\xD5,,
2.479939360000000,E,,
2.480034880000000,U,,
2.480130240000000,\xA8,,
2.480225600000000,\xC5,,
2.480320960000000,\xDC,,
2.480416320000000,\xD5,,
2.480511840000000,\xDC,,
2.480607200000000,U,,
2.480702560000000,\xDC,,
2.480797920000000,\xC5,,
2.480893280000000,\xDC,,
2.480988640000000,\xD5,,
2.481084160000000,\xDC,,
2.481179520000000,U,,
2.481274880000000,\xDC,,
2.481370240000000,\xC5,,
2.481465600000000,\xDC,,
2.481561120000000,\xD5,,
2.481656480000000,\xDC,,
2.481751840000000,U,,
2.481847200000000,\xDC,,
2.481942560000000,\x05,,
2.482037920000000,\xDC,,
2.482133440000000,\x05,,
2.482228800000000,\x95,,
2.482324160000000,\xEC,,
2.483365600000000, ,,
2.483460960000000,@,,
2.483556320000000,\xD5,,
2.483651680000000,\xC5,,
2.483747040000000,\xEA,,
2.483842560000000,\xD5,,
2.483937920000000,E,,
2.484033280000000,U,,
2.484128640000000,\xA8,,
2.484224000000000,\xC5,,
2.484319360000000,\xDC,,
2.484414880000000,\xD5,,
2.484510240000000,\xDC,,
2.484605600000000,U,,
2.484700960000000,\xDC,,
2.484796320000000,\xC5,,
2.484891840000000,\xDC,,
2.484987200000000,\xD5,,
2.485082560000000,\xDC,,
2.485177920000000,U,,
2.485273280000000,\xDC,,
2.485368640000000,\xC5,,
2.485464160000000,\xDC,,
2.485559520000000,\xD5,,
2.485654880000000,\xDC,,
2.485750240000000,U,,
2.485845600000000,\xDC,,
2.485941120000000,\x05,,
2.486036480000000,\xDC,,
2.486131840000000,\x05,,
2.486227200000000,\x95,,
2.486322560000000,\xEC,,
2.487365440000000, ,,
2.487460800000000,@,,
2.487556160000000,\xD5,,
2.487651680000000,\xC5,,
2.487747040000000,\xEA,,
2.487842400000000,\xD5,,
2.487937760000000,E,,
2.488033120000000,U,,
2.488128480000000,\xA8,,
2.488224000000000,\xC5,,
2.488319360000000,\xDC,,
2.488414720000000,\xD5,,
2.488510080000000,\xDC,,
2.488605440000000,U,,
2.488700960000000,\xDC,,
2.488796320000000,\xC5,,
2.488891680000000,\xDC,,
2.488987040000000,\xD5,,
2.489082400000000,\xDC,,
2.489177760000000,U,,
2.489273280000000,\xDC,,
2.489368640000000,\xC5,,
2.489464000000000,\xDC,,
2.489559360000000,\xD5,,
2.489654720000000,\xDC,,
2.489750240000000,U,,
2.489845600000000,\xDC,,
2.489940960000000,\x05,,
2.490036320000000,\xDC,,
2.490131680000000,\x05,,
2.490227200000000,\x95,,
2.490322560000000,\xEC,,
2.491365440000000, ,,
2.491460800000000,@,,
2.491556160000000,\xD5,,
2.491651520000000,\xC5,,
2.491746880000000,\xEA,,
2.491842400000000,\xD5,,
2.491937760000000,E,,
2.492033120000000,U,,
2.492128480000000,\xA8,,
2.492223840000000,\xC5,,
2.492319200000000,\xDC,,
2.492414720000000,\xD5,,
2.492510080000000,\xDC,,
2.492605440000000,U,,
2.492700800000000,\xDC,,
2.492796160000000,\xC5,,
2.492891520000000,\xDC,,
2.492987040000000,\xD5,,
2.493082400000000,\xDC,,
2.493177760000000,U,,
2.493273120000000,\xDC,,
2.493368480000000,\xC5,,
2.493464000000000,\xDC,,
2.493559360000000,\xD5,,
2.493654720000000,\xDC,,
2.493750080000000,U,,
2.493845440000000,\xDC,,
2.493940800000000,\x05,,
2.494036320000000,\xDC,,
2.494131680000000,\x05,,
2.494227040000000,\x95,,
2.494322400000000,\xEC,,
2.495365440000000, ,,
2.495460800000000,@,,
2.495556160000000,\xD5,,
2.495651520000000,\xC5,,
2.495746880000000,\xEA,,
2.495842400000000,\xD5,,
2.495937760000000,E,,
2.496033120000000,U,,
2.496128480000000,\xA8,,
2.496223840000000,\xC5,,
2.496319200000000,\xDC,,
2.496414720000000,\xD5,,
2.496510080000000,\xDC,,
2.496605440000000,U,,
2.496700800000000,\xDC,,
2.496796160000000,\xC5,,
2.496891680000000,\xDC,,
2.496987040000000,\xD5,,
2.497082400000000,\xDC,,
2.497177760000000,U,,
2.497273120000000,\xDC,,
2.497368480000000,\xC5,,
2.497464000000000,\xDC,,
2.497559360000000,\xD5,,
2.497654720000000,\xDC,,
2.497750080000000,U,,
2.497845440000000,\xDC,,
2.497940960000000,\x05,,
2.498036320000000,\xDC,,
2.498131680000000,\x05,,
2.498227040000000,\x95,,
2.498322400000000,\xEC,,
2.499365280000000, ,,
2.499460640000000,@,,
2.499556000000000,\xD5,,
2.499651360000000,\xC5,,
2.499746880000000,\xEA,,
2.499842240000000,\xD5,,
2.499937600000000,E,,
2.500032960000000,U,,
2.500128320000000,\xA8,,
2.500223840000000,\xC5,,
2.500319200000000,\xDC,,
2.500414560000000,\xD5,,
2.500509920000000,\xDC,,
2.500605280000000,U,,
2.500700640000000,\xDC,,
2.500796160000000,\xC5,,
2.500891520000000,\xDC,,
2.500986880000000,\xD5,,
2.501082240000000,\xDC,,
2.501177600000000,U,,
2.501273120000000,\xDC,,
2.501368480000000,\xC5,,
2.501463840000000,\xDC,,
2.501559200000000,\xD5,,
2.501654560000000,\xDC,,
2.501749920000000,U,,
2.501845440000000,\xDC,,
2.501940800000000,\x05,,
2.502036160000000,\xDC,,
2.502131520000000,\x05,,
2.502226880000000,\x95,,
2.502322240000000,\xEC,,
2.503365120000000, ,,
2.503460640000000,@,,
2.503556000000000,\xD5,,
2.503651360000000,\xC5,,
2.503746720000000,\xEA,,
2.503842080000000,\xD5,,
2.503937600000000,E,,
2.504032960000000,U,,
2.504128320000000,\xA8,,
2.504223680000000,\xC5,,
2.504319040000000,\xDC,,
2.504414400000000,\xD5,,
2.504509920000000,\xDC,,
2.504605280000000,U,,
2.504700640000000,\xDC,,
2.504796000000000,\xC5,,
2.504891360000000,\xDC,,
2.504986880000000,\xD5,,
2.505082240000000,\xDC,,
2.505177600000000,U,,
2.505272960000000,\xDC,,
2.505368320000000,\xC5,,
2.505463840000000,\xDC,,
2.505559200000000,\xD5,,
2.505654560000000,\xDC,,
2.505749920000000,U,,
2.505845280000000,\xDC,,
2.505940640000000,\x05,,
2.506036160000000,\xDC,,
2.506131520000000,\x05,,
2.506226880000000,\x95,,
2.506322240000000,\xEC,,
2.507365120000000, ,,
2.507460480000000,@,,
2.507555840000000,\xD5,,
2.507651200000000,\xC5,,
2.507746720000000,\xEA,,
2.507842080000000,\xD5,,
2.507937440000000,E,,
2.508032800000000,U,,
2.508128160000000,\xA8,,
2.508223520000000,\xC5,,
2.508319040000000,\xDC,,
2.508414400000000,\xD5,,
2.508509760000000,\xDC,,
2.508605120000000,U,,
2.508700480000000,\xDC,,
2.508796000000000,\xC5,,
2.508891360000000,\xDC,,
2.508986720000000,\xD5,,
2.509082080000000,\xDC,,
2.509177440000000,U,,
2.509272960000000,\xDC,,
2.509368320000000,\xC5,,
2.509463680000000,\xDC,,
2.509559040000000,\xD5,,
2.509654400000000,\xDC,,
2.509749760000000,U,,
2.509845280000000,\xDC,,
2.509940640000000,\x05,,
2.510036000000000,\xDC,,
2.510131360000000,\x05,,
2.510226720000000,\x95,,
2.510322240000000,\xEC,,
2.511365120000000, ,,
2.511460480000000,@,,
2.511555840000000,\xD5,,
2.511651200000000,\xC5,,
2.511746560000000,\xEA,,
2.511842080000000,\xD5,,
2.511937440000000,E,,
2.512032800000000,U,,
2.512128160000000,\xA8,,
2.512223520000000,\xC5,,
2.512318880000000,\xDC,,
2.512414400000000,\xD5,,
2.512509760000000,\xDC,,
2.512605120000000,U,,
2.512700480000000,\xDC,,
2.512795840000000,\xC5,,
2.512891360000000,\xDC,,
2.512986720000000,\xD5,,
2.513082080000000,\xDC,,
2.513177440000000,U,,
2.513272800000000,\xDC,,
2.513368160000000,\xC5,,
2.513463680000000,\xDC,,
2.513559040000000,\xD5,,
2.513654400000000,\xDC,,
2.513749760000000,U,,
2.513845120000000,\xDC,,
2.513940480000000,\x05,,
2.514036000000000,\xDC,,
2.514131360000000,\x05,,
2.514226720000000,\x95,,
2.514322080000000,\xEC,,
2.515364960000000, ,,
2.515460320000000,@,,
2.515555840000000,\xD5,,
2.515651200000000,\xC5,,
2.515746560000000,\xEA,,
2.515841920000000,\xD5,,
2.515937280000000,E,,
2.516032640000000,U,,
2.516128160000000,\xA8,,
2.516223520000000,\xC5,,
2.516318880000000,\xDC,,
2.516414240000000,\xD5,,
2.516509600000000,\xDC,,
2.516605120000000,U,,
2.516700480000000,\xDC,,
2.516795840000000,\xC5,,
2.516891200000000,\xDC,,
2.516986560000000,\xD5,,
2.517081920000000,\xDC,,
2.517177440000000,U,,
2.517272800000000,\xDC,,
2.517368160000000,\xC5,,
2.517463520000000,\xDC,,
2.517558880000000,\xD5,,
2.517654400000000,\xDC,,
2.517749760000000,U,,
2.517845120000000,\xDC,,
2.517940480000000,\x05,,
2.518035840000000,\xDC,,
2.518131200000000,\x05,,
2.518226720000000,\x95,,
2.518322080000000,\xEC,,
2.519375360000000, ,,
2.519470720000000,@,,
2.519566080000000,\xD5,,
2.519661440000000,\xC5,,
2.519756800000000,\xEA,,
2.519852320000000,\xD5,,
2.519947680000000,E,,
2.520043040000000,U,,
2.520138400000000,\xA8,,
2.520233760000000,\xC5,,
2.520329120000000,\xDC,,
2.520424640000000,\xD5,,
2.520520000000000,\xDC,,
2.520615360000000,U,,
2.520710720000000,\xDC,,
2.520806080000000,\xC5,,
2.520901600000000,\xDC,,
2.520996960000000,\xD5,,
2.521092320000000,\xDC,,
2.521187680000000,U,,
2.521283040000000,\xDC,,
2.521378400000000,\xC5,,
2.521473920000000,\xDC,,
2.521569280000000,\xD5,,
2.521664640000000,\xDC,,
2.521760000000000,U,,
2.521855360000000,\xDC,,
2.521950880000000,\x05,,
2.522046240000000,\xDC,,
2.522141600000000,\x05,,
2.522236960000000,\x95,,
2.522332320000000,\xEC,,
2.523366240000000, ,,
2.523461600000000,@,,
2.523557120000000,\xD5,,
2.523652480000000,\xC5,,
2.523747840000000,\xEA,,
2.523843200000000,\xD5,,
2.523938560000000,E,,
2.524034080000000,U,,
2.524129440000000,\xA8,,
2.524224800000000,\xC5,,
2.524320160000000,\xDC,,
2.524415520000000,\xD5,,
2.524510880000000,\xDC,,
2.524606400000000,U,,
2.524701760000000,\xDC,,
2.524797120000000,\xC5,,
2.524892480000000,\xDC,,
2.524987840000000,\xD5,,
2.525083200000000,\xDC,,
2.525178720000000,U,,
2.525274080000000,\xDC,,
2.525369440000000,\xC5,,
2.525464800000000,\xDC,,
2.525560160000000,\xD5,,
2.525655680000000,\xDC,,
2.525751040000000,U,,
2.525846400000000,\xDC,,
2.525941760000000,\x05,,
2.526037120000000,\xDC,,
2.526132480000000,\x05,,
2.526228000000000,\x95,,
2.526323360000000,\xEC,,
2.527376640000000, ,,
2.527472000000000,@,,
2.527567360000000,\xD5,,
2.527662720000000,\xC5,,
2.527758080000000,\xEA,,
2.527853440000000,\xD5,,
2.527948960000000,E,,
2.528044320000000,U,,
2.528139680000000,\xA8,,
2.528235040000000,\xC5,,
2.528330400000000,\xDC,,
2.528425920000000,\xD5,,
2.528521280000000,\xDC,,
2.528616640000000,U,,
2.528712000000000,\xDC,,
2.528807360000000,\xC5,,
2.528902720000000,\xDC,,
2.528998240000000,\xD5,,
2.529093600000000,\xDC,,
2.529188960000000,U,,
2.529284320000000,\xDC,,
2.529379680000000,\xC5,,
2.529475200000000,\xDC,,
2.529570560000000,\xD5,,
2.529665920000000,\xDC,,
2.529761280000000,U,,
2.529856640000000,\xDC,,
2.529952160000000,\x05,,
2.530047520000000,\xDC,,
2.530142880000000,\x05,,
2.530238240000000,\x95,,
2.530333600000000,\xEC,,
2.531364640000000, ,,
2.531460160000000,@,,
2.531555520000000,\xD5,,
2.531650880000000,\xC5,,
2.531746240000000,\xEA,,
2.531841600000000,\xD5,,
2.531937120000000,E,,
2.532032480000000,U,,
2.532127840000000,\xA8,,
2.532223200000000,\xC5,,
2.532318560000000,\xDC,,
2.532413920000000,\xD5,,
2.532509440000000,\xDC,,
2.532604800000000,U,,
2.532700160000000,\xDC,,
2.532795520000000,\xC5,,
2.532890880000000,\xDC,,
2.532986240000000,\xD5,,
2.533081760000000,\xDC,,
2.533177120000000,U,,
2.533272480000000,\xDC,,
2.533367840000000,\xC5,,
2.533463200000000,\xDC,,
2.533558720000000,\xD5,,
2.533654080000000,\xDC,,
2.533749440000000,U,,
2.533844800000000,\xDC,,
2.533940160000000,\x05,,
2.534035520000000,\xDC,,
2.534131040000000,\x05,,
2.534226400000000,\x95,,
2.534321760000000,\xEC,,
2.535364640000000, ,,
2.535460000000000,@,,
2.535555360000000,\xD5,,
2.535650880000000,\xC5,,
2.535746240000000,\xEA,,
2.535841600000000,\xD5,,
2.535936960000000,E,,
2.536032320000000,U,,
2.536127680000000,\xA8,,
2.536223200000000,\xC5,,
2.536318560000000,\xDC,,
2.536413920000000,\xD5,,
2.536509280000000,\xDC,,
2.536604640000000,U,,
2.536700160000000,\xDC,,
2.536795520000000,\xC5,,
2.536890880000000,\xDC,,
2.536986240000000,\xD5,,
2.537081600000000,\xDC,,
2.537176960000000,U,,
2.537272480000000,\xDC,,
2.537367840000000,\xC5,,
2.537463200000000,\xDC,,
2.537558560000000,\xD5,,
2.537653920000000,\xDC,,
2.537749280000000,U,,
2.537844800000000,\xDC,,
2.537940160000000,\x05,,
2.538035520000000,\xDC,,
2.538130880000000,\x05,,
2.538226240000000,\x95,,
2.538321760000000,\xEC,,
2.539364480000000, ,,
2.539460000000000,@,,
2.539555360000000,\xD5,,
2.539650720000000,\xC5,,
2.539746080000000,\xEA,,
2.539841440000000,\xD5,,
2.539936800000000,E,,
2.540032320000000,U,,
2.540127680000000,\xA8,,
2.540223040000000,\xC5,,
2.540318400000000,\xDC,,
2.540413760000000,\xD5,,
2.540509280000000,\xDC,,
2.540604640000000,U,,
2.540700000000000,\xDC,,
2.540795360000000,\xC5,,
2.540890720000000,\xDC,,
2.540986080000000,\xD5,,
2.541081600000000,\xDC,,
2.541176960000000,U,,
2.541272320000000,\xDC,,
2.541367680000000,\xC5,,
2.541463040000000,\xDC,,
2.541558560000000,\xD5,,
2.541653920000000,\xDC,,
2.541749280000000,U,,
2.541844640000000,\xDC,,
2.541940000000000,\x05,,
2.542035360000000,\xDC,,
2.542130880000000,\x05,,
2.542226240000000,\x95,,
2.542321600000000,\xEC,,
2.543383520000000, ,,
2.543478880000000,@,,
2.543574240000000,\xD5,,
2.543669760000000,\xC5,,
2.543765120000000,\xEA,,
2.543860480000000,\xD5,,
2.543955840000000,E,,
2.544051200000000,U,,
2.544146560000000,\xA8,,
2.544242080000000,\xC5,,
2.544337440000000,\xDC,,
2.544432800000000,\xD5,,
2.544528160000000,\xDC,,
2.544623520000000,U,,
2.544719040000000,\xDC,,
2.544814400000000,\xC5,,
2.544909760000000,\xDC,,
2.545005120000000,\xD5,,
2.545100480000000,\xDC,,
2.545195840000000,U,,
2.545291360000000,\xDC,,
2.545386720000000,\xC5,,
2.545482080000000,\xDC,,
2.545577440000000,\xD5,,
2.545672800000000,\xDC,,
2.545768320000000,U,,
2.545863680000000,\xDC,,
2.545959040000000,\x05,,
2.546054400000000,\xDC,,
2.546149760000000,\x05,,
2.546245120000000,\x95,,
2.546340640000000,\xEC,,
2.547364480000000, ,,
2.547459840000000,@,,
2.547555200000000,\xD5,,
2.547650560000000,\xC5,,
2.547745920000000,\xEA,,
2.547841440000000,\xD5,,
2.547936800000000,E,,
2.548032160000000,U,,
2.548127520000000,\xA8,,
2.548222880000000,\xC5,,
2.548318400000000,\xDC,,
2.548413760000000,\xD5,,
2.548509120000000,\xDC,,
2.548604480000000,U,,
2.548699840000000,\xDC,,
2.548795200000000,\xC5,,
2.548890720000000,\xDC,,
2.548986080000000,\xD5,,
2.549081440000000,\xDC,,
2.549176800000000,U,,
2.549272160000000,\xDC,,
2.549367680000000,\xC5,,
2.549463040000000,\xDC,,
2.549558400000000,\xD5,,
2.549653760000000,\xDC,,
2.549749120000000,U,,
2.549844480000000,\xDC,,
2.549940000000000,\x05,,
2.550035360000000,\xDC,,
2.550130720000000,\x05,,
2.550226080000000,\x95,,
2.550321440000000,\xEC,,
2.551364320000000, ,,
2.551459680000000,@,,
2.551555200000000,\xD5,,
2.551650560000000,\xC5,,
2.551745920000000,\xEA,,
2.551841280000000,\xD5,,
2.551936640000000,E,,
2.552032160000000,U,,
2.552127520000000,\xA8,,
2.552222880000000,\xC5,,
2.552318240000000,\xDC,,
2.552413600000000,\xD5,,
2.552508960000000,\xDC,,
2.552604480000000,U,,
2.552699840000000,\xDC,,
2.552795200000000,\xC5,,
2.552890560000000,\xDC,,
2.552985920000000,\xD5,,
2.553081440000000,\xDC,,
2.553176800000000,U,,
2.553272160000000,\xDC,,
2.553367520000000,\xC5,,
2.553462880000000,\xDC,,
2.553558240000000,\xD5,,
2.553653760000000,\xDC,,
2.553749120000000,U,,
2.553844480000000,\xDC,,
2.553939840000000,\x05,,
2.554035200000000,\xDC,,
2.554130720000000,\x05,,
2.554226080000000,\x95,,
2.554321440000000,\xEC,,
2.555364320000000, ,,
2.555459680000000,@,,
2.555555040000000,\xD5,,
2.555650560000000,\xC5,,
2.555745920000000,\xEA,,
2.555841280000000,\xD5,,
2.555936640000000,E,,
2.556032000000000,U,,
2.556127360000000,\xA8,,
2.556222880000000,\xC5,,
2.556318240000000,\xDC,,
2.556413600000000,\xD5,,
2.556508960000000,\xDC,,
2.556604320000000,U,,
2.556699840000000,\xDC,,
2.556795200000000,\xC5,,
2.556890560000000,\xDC,,
2.556985920000000,\xD5,,
2.557081280000000,\xDC,,
2.557176640000000,U,,
2.557272160000000,\xDC,,
2.557367520000000,\xC5,,
2.557462880000000,\xDC,,
2.557558240000000,\xD5,,
2.557653600000000,\xDC,,
2.557749120000000,U,,
2.557844480000000,\xDC,,
2.557939840000000,\x05,,
2.558035200000000,\xDC,,
2.558130560000000,\x05,,
2.558225920000000,\x95,,
2.558321440000000,\xEC,,
2.559365760000000, ,,
2.559461120000000,@,,
2.559556480000000,\xD5,,
2.559651840000000,\xC5,,
2.559747360000000,\xEA,,
2.559842720000000,\xD5,,
2.559938080000000,E,,
2.560033440000000,U,,
2.560128800000000,\xA8,,
2.560224160000000,\xC5,,
2.560319680000000,\xDC,,
2.560415040000000,\xD5,,
2.560510400000000,\xDC,,
2.560605760000000,U,,
2.560701120000000,\xDC,,
2.560796480000000,\xC5,,
2.560892000000000,\xDC,,
2.560987360000000,\xD5,,
2.561082720000000,\xDC,,
2.561178080000000,U,,
2.561273440000000,\xDC,,
2.561368960000000,\xC5,,
2.561464320000000,\xDC,,
2.561559680000000,\xD5,,
2.561655040000000,\xDC,,
2.561750400000000,U,,
2.561845760000000,\xDC,,
2.561941280000000,\x05,,
2.562036640000000,\xDC,,
2.562132000000000,\x05,,
2.562227360000000,\x95,,
2.562322720000000,\xEC,,
2.563364160000000, ,,
2.563459520000000,@,,
2.563554880000000,\xD5,,
2.563650400000000,\xC5,,
2.563745760000000,\xEA,,
2.563841120000000,\xD5,,
2.563936480000000,E,,
2.564031840000000,U,,
2.564127200000000,\xA8,,
2.564222720000000,\xC5,,
2.564318080000000,\xDC,,
2.564413440000000,\xD5,,
2.564508800000000,\xDC,,
2.564604160000000,U,,
2.564699680000000,\xDC,,
2.564795040000000,\xC5,,
2.564890400000000,\xDC,,
2.564985760000000,\xD5,,
2.565081120000000,\xDC,,
2.565176480000000,U,,
2.565272000000000,\xDC,,
2.565367360000000,\xC5,,
2.565462720000000,\xDC,,
2.565558080000000,\xD5,,
2.565653440000000,\xDC,,
2.565748800000000,U,,
2.565844320000000,\xDC,,
2.565939680000000,\x05,,
2.566035040000000,\xDC,,
2.566130400000000,\x05,,
2.566225760000000,\x95,,
2.566321280000000,\xEC,,
2.567364000000000, ,,
2.567459520000000,@,,
2.567554880000000,\xD5,,
2.567650240000000,\xC5,,
2.567745600000000,\xEA,,
2.567840960000000,\xD5,,
2.567936320000000,E,,
2.568031840000000,U,,
2.568127200000000,\xA8,,
2.568222560000000,\xC5,,
2.568317920000000,\xDC,,
2.568413280000000,\xD5,,
2.568508800000000,\xDC,,
2.568604160000000,U,,
2.568699520000000,\xDC,,
2.568794880000000,\xC5,,
2.568890240000000,\xDC,,
2.568985600000000,\xD5,,
2.569081120000000,\xDC,,
2.569176480000000,U,,
2.569271840000000,\xDC,,
2.569367200000000,\xC5,,
2.569462560000000,\xDC,,
2.569557920000000,\xD5,,
2.569653440000000,\xDC,,
2.569748800000000,U,,
2.569844160000000,\xDC,,
2.569939520000000,\x05,,
2.570034880000000,\xDC,,
2.570130400000000,\x05,,
2.570225760000000,\x95,,
2.570321120000000,\xEC,,
2.571364000000000, ,,
2.571459360000000,@,,
2.571554720000000,\xD5,,
2.571650080000000,\xC5,,
2.571745600000000,\xEA,,
2.571840960000000,\xD5,,
2.571936320000000,E,,
2.572031680000000,U,,
2.572127040000000,\xA8,,
2.572222560000000,\xC5,,
2.572317920000000,\xDC,,
2.572413280000000,\xD5,,
2.572508640000000,\xDC,,
2.572604000000000,U,,
2.572699360000000,\xDC,,
2.572794880000000,\xC5,,
2.572890240000000,\xDC,,
2.572985600000000,\xD5,,
2.573080960000000,\xDC,,
2.573176320000000,U,,
2.573271840000000,\xDC,,
2.573367200000000,\xC5,,
2.573462560000000,\xDC,,
2.573557920000000,\xD5,,
2.573653280000000,\xDC,,
2.573748640000000,U,,
2.573844160000000,\xDC,,
2.573939520000000,\x05,,
2.574034880000000,\xDC,,
2.574130240000000,\x05,,
2.574225600000000,\x95,,
2.574321120000000,\xEC,,
2.575365440000000, ,,
2.575460800000000,@,,
2.575556320000000,\xD5,,
2.575651680000000,\xC5,,
2.575747040000000,\xEA,,
2.575842400000000,\xD5,,
2.575937760000000,E,,
2.576033120000000,U,,
2.576128640000000,\xA8,,
2.576224000000000,\xC5,,
2.576319360000000,\xDC,,
2.576414720000000,\xD5,,
2.576510080000000,\xDC,,
2.576605600000000,U,,
2.576700960000000,\xDC,,
2.576796320000000,\xC5,,
2.576891680000000,\xDC,,
2.576987040000000,\xD5,,
2.577082400000000,\xDC,,
2.577177920000000,U,,
2.577273280000000,\xDC,,
2.577368640000000,\xC5,,
2.577464000000000,\xDC,,
2.577559360000000,\xD5,,
2.577654880000000,\xDC,,
2.577750240000000,U,,
2.577845600000000,\xDC,,
2.577940960000000,\x05,,
2.578036320000000,\xDC,,
2.578131680000000,\x05,,
2.578227200000000,\x95,,
2.578322560000000,\xEC,,
2.579365920000000, ,,
2.579461280000000,@,,
2.579556640000000,\xD5,,
2.579652160000000,\xC5,,
2.579747520000000,\xEA,,
2.579842880000000,\xD5,,
2.579938240000000,E,,
2.580033600000000,U,,
2.580129120000000,\xA8,,
2.580224480000000,\xC5,,
2.580319840000000,\xDC,,
2.580415200000000,\xD5,,
2.580510560000000,\xDC,,
2.580605920000000,U,,
2.580701440000000,\xDC,,
2.580796800000000,\xC5,,
2.580892160000000,\xDC,,
2.580987520000000,\xD5,,
2.581082880000000,\xDC,,
2.581178400000000,U,,
2.581273760000000,\xDC,,
2.581369120000000,\xC5,,
2.581464480000000,\xDC,,
2.581559840000000,\xD5,,
2.581655200000000,\xDC,,
2.581750720000000,U,,
2.581846080000000,\xDC,,
2.581941440000000,\x05,,
2.582036800000000,\xDC,,
2.582132160000000,\x05,,
2.582227680000000,\x95,,
2.582323040000000,\xEC,,
2.583363840000000, ,,
2.583459200000000,@,,
2.583554560000000,\xD5,,
2.583650080000000,\xC5,,
2.583745440000000,\xEA,,
2.583840800000000,\xD5,,
2.583936160000000,E,,
2.584031520000000,U,,
2.584126880000000,\xA8,,
2.584222400000000,\xC5,,
2.584317760000000,\xDC,,
2.584413120000000,\xD5,,
2.584508480000000,\xDC,,
2.584603840000000,U,,
2.584699360000000,\xDC,,
2.584794720000000,\xC5,,
2.584890080000000,\xDC,,
2.584985440000000,\xD5,,
2.585080800000000,\xDC,,
2.585176160000000,U,,
2.585271680000000,\xDC,,
2.585367040000000,\xC5,,
2.585462400000000,\xDC,,
2.585557760000000,\xD5,,
2.585653120000000,\xDC,,
2.585748480000000,U,,
2.585844000000000,\xDC,,
2.585939360000000,\x05,,
2.586034720000000,\xDC,,
2.586130080000000,\x05,,
2.586225440000000,\x95,,
2.586320960000000,\xEC,,
2.587363680000000, ,,
2.587459040000000,@,,
2.587554560000000,\xD5,,
2.587649920000000,\xC5,,
2.587745280000000,\xEA,,
2.587840640000000,\xD5,,
2.587936000000000,E,,
2.588031360000000,U,,
2.588126880000000,\xA8,,
2.588222240000000,\xC5,,
2.588317600000000,\xDC,,
2.588412960000000,\xD5,,
2.588508320000000,\xDC,,
2.588603680000000,U,,
2.588699200000000,\xDC,,
2.588794560000000,\xC5,,
2.588889920000000,\xDC,,
2.588985280000000,\xD5,,
2.589080640000000,\xDC,,
2.589176160000000,U,,
2.589271520000000,\xDC,,
2.589366880000000,\xC5,,
2.589462240000000,\xDC,,
2.589557600000000,\xD5,,
2.589652960000000,\xDC,,
2.589748480000000,U,,
2.589843840000000,\xDC,,
2.589939200000000,\x05,,
2.590034560000000,\xDC,,
2.590129920000000,\x05,,
2.590225440000000,\x95,,
2.590320800000000,\xEC,,
2.591376800000000, ,,
2.591472160000000,@,,
2.591567520000000,\xD5,,
2.591662880000000,\xC5,,
2.591758400000000,\xEA,,
2.591853760000000,\xD5,,
2.591949120000000,E,,
2.592044480000000,U,,
2.592139840000000,\xA8,,
2.592235200000000,\xC5,,
2.592330720000000,\xDC,,
2.592426080000000,\xD5,,
2.592521440000000,\xDC,,
2.592616800000000,U,,
2.592712160000000,\xDC,,
2.592807680000000,\xC5,,
2.592903040000000,\xDC,,
2.592998400000000,\xD5,,
2.593093760000000,\xDC,,
2.593189120000000,U,,
2.593284480000000,\xDC,,
2.593380000000000,\xC5,,
2.593475360000000,\xDC,,
2.593570720000000,\xD5,,
2.593666080000000,\xDC,,
2.593761440000000,U,,
2.593856960000000,\xDC,,
2.593952320000000,\x05,,
2.594047680000000,\xDC,,
2.594143040000000,\x05,,
2.594238400000000,\x95,,
2.594333920000000,\xEC,,
2.595373600000000, ,,
2.595468960000000,@,,
2.595564320000000,\xD5,,
2.595659680000000,\xC5,,
2.595755200000000,\xEA,,
2.595850560000000,\xD5,,
2.595945920000000,E,,
2.596041280000000,U,,
2.596136640000000,\xA8,,
2.596232160000000,\xC5,,
2.596327520000000,\xDC,,
2.596422880000000,\xD5,,
2.596518240000000,\xDC,,
2.596613600000000,U,,
2.596708960000000,\xDC,,
2.596804480000000,\xC5,,
2.596899840000000,\xDC,,
2.596995200000000,\xD5,,
2.597090560000000,\xDC,,
2.597185920000000,U,,
2.597281440000000,\xDC,,
2.597376800000000,\xC5,,
2.597472160000000,\xDC,,
2.597567520000000,\xD5,,
2.597662880000000,\xDC,,
2.597758240000000,U,,
2.597853760000000,\xDC,,
2.597949120000000,\x05,,
2.598044480000000,\xDC,,
2.598139840000000,\x05,,
2.598235200000000,\x95,,
2.598330560000000,\xEC,,
2.599363520000000, ,,
2.599458880000000,@,,
2.599554240000000,\xD5,,
2.599649760000000,\xC5,,
2.599745120000000,\xEA,,
2.599840480000000,\xD5,,
2.599935840000000,E,,
2.600031200000000,U,,
2.600126560000000,\xA8,,
2.600222080000000,\xC5,,
2.600317440000000,\xDC,,
2.600412800000000,\xD5,,
2.600508160000000,\xDC,,
2.600603520000000,U,,
2.600698880000000,\xDC,,
2.600794400000000,\xC5,,
2.600889760000000,\xDC,,
2.600985120000000,\xD5,,
2.601080480000000,\xDC,,
2.601175840000000,U,,
2.601271360000000,\xDC,,
2.601366720000000,\xC5,,
2.601462080000000,\xDC,,
2.601557440000000,\xD5,,
2.601652800000000,\xDC,,
2.601748160000000,U,,
2.601843680000000,\xDC,,
2.601939040000000,\x05,,
2.602034400000000,\xDC,,
2.602129760000000,\x05,,
2.602225120000000,\x95,,
2.602320640000000,\xEC,,
2.603363360000000, ,,
2.603458720000000,@,,
2.603554240000000,\xD5,,
2.603649600000000,\xC5,,
2.603744960000000,\xEA,,
2.603840320000000,\xD5,,
2.603935680000000,E,,
2.604031200000000,U,,
2.604126560000000,\xA8,,
2.604221920000000,\xC5,,
2.604317280000000,\xDC,,
2.604412640000000,\xD5,,
2.604508000000000,\xDC,,
2.604603520000000,U,,
2.604698880000000,\xDC,,
2.604794240000000,\xC5,,
2.604889600000000,\xDC,,
2.604984960000000,\xD5,,
2.605080480000000,\xDC,,
2.605175840000000,U,,
2.605271200000000,\xDC,,
2.605366560000000,\xC5,,
2.605461920000000,\xDC,,
2.605557280000000,\xD5,,
2.605652800000000,\xDC,,
2.605748160000000,U,,
2.605843520000000,\xDC,,
2.605938880000000,\x05,,
2.606034240000000,\xDC,,
2.606129760000000,\x05,,
2.606225120000000,\x95,,
2.606320480000000,\xEC,,
2.607363360000000, ,,
2.607458720000000,@,,
2.607554080000000,\xD5,,
2.607649600000000,\xC5,,
2.607744960000000,\xEA,,
2.607840320000000,\xD5,,
2.607935680000000,E,,
2.608031040000000,U,,
2.608126400000000,\xA8,,
2.608221920000000,\xC5,,
2.608317280000000,\xDC,,
2.608412640000000,\xD5,,
2.608508000000000,\xDC,,
2.608603360000000,U,,
2.608698880000000,\xDC,,
2.608794240000000,\xC5,,
2.608889600000000,\xDC,,
2.608984960000000,\xD5,,
2.609080320000000,\xDC,,
2.609175680000000,U,,
2.609271200000000,\xDC,,
2.609366560000000,\xC5,,
2.609461920000000,\xDC,,
2.609557280000000,\xD5,,
2.609652640000000,\xDC,,
2.609748160000000,U,,
2.609843520000000,\xDC,,
2.609938880000000,\x05,,
2.610034240000000,\xDC,,
2.610129600000000,\x05,,
2.610224960000000,\x95,,
2.610320480000000,\xEC,,
2.611363360000000, ,,
2.611458720000000,@,,
2.611554080000000,\xD5,,
2.611649440000000,\xC5,,
2.611744800000000,\xEA,,
2.611840320000000,\xD5,,
2.611935680000000,E,,
2.612031040000000,U,,
2.612126400000000,\xA8,,
2.612221760000000,\xC5,,
2.612317120000000,\xDC,,
2.612412640000000,\xD5,,
2.612508000000000,\xDC,,
2.612603360000000,U,,
2.612698720000000,\xDC,,
2.612794080000000,\xC5,,
2.612889600000000,\xDC,,
2.612984960000000,\xD5,,
2.613080320000000,\xDC,,
2.613175680000000,U,,
2.613271040000000,\xDC,,
2.613366400000000,\xC5,,
2.613461920000000,\xDC,,
2.613557280000000,\xD5,,
2.613652640000000,\xDC,,
2.613748000000000,U,,
2.613843360000000,\xDC,,
2.613938720000000,\x05,,
2.614034240000000,\xDC,,
2.614129600000000,\x05,,
2.614224960000000,\x95,,
2.614320320000000,\xEC,,
2.615363200000000, ,,
2.615458560000000,@,,
2.615554080000000,\xD5,,
2.615649440000000,\xC5,,
2.615744800000000,\xEA,,
2.615840160000000,\xD5,,
2.615935520000000,E,,
2.616030880000000,U,,
2.616126400000000,\xA8,,
2.616221760000000,\xC5,,
2.616317120000000,\xDC,,
2.616412480000000,\xD5,,
2.616507840000000,\xDC,,
2.616603360000000,U,,
2.616698720000000,\xDC,,
2.616794080000000,\xC5,,
2.616889440000000,\xDC,,
2.616984800000000,\xD5,,
2.617080160000000,\xDC,,
2.617175680000000,U,,
2.617271040000000,\xDC,,
2.617366400000000,\xC5,,
2.617461760000000,\xDC,,
2.617557120000000,\xD5,,
2.617652640000000,\xDC,,
2.617748000000000,U,,
2.617843360000000,\xDC,,
2.617938720000000,\x05,,
2.618034080000000,\xDC,,
2.618129440000000,\x05,,
2.618224960000000,\x95,,
2.618320320000000,\xEC,,
2.619363200000000, ,,
2.619458560000000,@,,
2.619553920000000,\xD5,,
2.619649280000000,\xC5,,
2.619744640000000,\xEA,,
2.619840160000000,\xD5,,
2.619935520000000,E,,
2.620030880000000,U,,
2.620126240000000,\xA8,,
2.620221600000000,\xC5,,
2.620317120000000,\xDC,,
2.620412480000000,\xD5,,
2.620507840000000,\xDC,,
2.620603200000000,U,,
2.620698560000000,\xDC,,
2.620793920000000,\xC5,,
2.620889440000000,\xDC,,
2.620984800000000,\xD5,,
2.621080160000000,\xDC,,
2.621175520000000,U,,
2.621270880000000,\xDC,,
2.621366400000000,\xC5,,
2.621461760000000,\xDC,,
2.621557120000000,\xD5,,
2.621652480000000,\xDC,,
2.621747840000000,U,,
2.621843360000000,\xDC,,
2.621938720000000,\x05,,
2.622034080000000,\xDC,,
2.622129440000000,\x05,,
2.622224800000000,\x95,,
2.622320160000000,\xEC,,
2.623363040000000, ,,
2.623458400000000,@,,
2.623553760000000,\xD5,,
2.623649280000000,\xC5,,
2.623744640000000,\xEA,,
2.623840000000000,\xD5,,
2.623935360000000,E,,
2.624030720000000,U,,
2.624126240000000,\xA8,,
2.624221600000000,\xC5,,
2.624316960000000,\xDC,,
2.624412320000000,\xD5,,
2.624507680000000,\xDC,,
2.624603040000000,U,,
2.624698560000000,\xDC,,
2.624793920000000,\xC5,,
2.624889280000000,\xDC,,
2.624984640000000,\xD5,,
2.625080000000000,\xDC,,
2.625175520000000,U,,
2.625270880000000,\xDC,,
2.625366240000000,\xC5,,
2.625461600000000,\xDC,,
2.625556960000000,\xD5,,
2.625652320000000,\xDC,,
2.625747840000000,U,,
2.625843200000000,\xDC,,
2.625938560000000,\x05,,
2.626033920000000,\xDC,,
2.626129280000000,\x05,,
2.626224800000000,\x95,,
2.626320160000000,\xEC,,
2.627365120000000, ,,
2.627460480000000,@,,
2.627555840000000,\xD5,,
2.627651200000000,\xC5,,
2.627746560000000,\xEA,,
2.627842080000000,\xD5,,
2.627937440000000,E,,
2.628032800000000,U,,
2.628128160000000,\xA8,,
2.628223520000000,\xC5,,
2.628318880000000,\xDC,,
2.628414400000000,\xD5,,
2.628509760000000,\xDC,,
2.628605120000000,U,,
2.628700480000000,\xDC,,
2.628795840000000,\xC5,,
2.628891360000000,\xDC,,
2.628986720000000,\xD5,,
2.629082080000000,\xDC,,
2.629177440000000,U,,
2.629272800000000,\xDC,,
2.629368160000000,\xC5,,
2.629463680000000,\xDC,,
2.629559040000000,\xD5,,
2.629654400000000,\xDC,,
2.629749760000000,U,,
2.629845120000000,\xDC,,
2.629940640000000,\x05,,
2.630036000000000,\xDC,,
2.630131360000000,\x05,,
2.630226720000000,\x95,,
2.630322080000000,\xEC,,
2.631363040000000, ,,
2.631458400000000,@,,
2.631553760000000,\xD5,,
2.631649120000000,\xC5,,
2.631744480000000,\xEA,,
2.631839840000000,\xD5,,
2.631935360000000,E,,
2.632030720000000,U,,
2.632126080000000,\xA8,,
2.632221440000000,\xC5,,
2.632316800000000,\xDC,,
2.632412320000000,\xD5,,
2.632507680000000,\xDC,,
2.632603040000000,U,,
2.632698400000000,\xDC,,
2.632793760000000,\xC5,,
2.632889120000000,\xDC,,
2.632984640000000,\xD5,,
2.633080000000000,\xDC,,
2.633175360000000,U,,
2.633270720000000,\xDC,,
2.633366080000000,\xC5,,
2.633461440000000,\xDC,,
2.633556960000000,\xD5,,
2.633652320000000,\xDC,,
2.633747680000000,U,,
2.633843040000000,\xDC,,
2.633938400000000,\x05,,
2.634033920000000,\xDC,,
2.634129280000000,\x05,,
2.634224640000000,\x95,,
2.634320000000000,\xEC,,
2.635362880000000, ,,
2.635458240000000,@,,
2.635553600000000,\xD5,,
2.635648960000000,\xC5,,
2.635744480000000,\xEA,,
2.635839840000000,\xD5,,
2.635935200000000,E,,
2.636030560000000,U,,
2.636125920000000,\xA8,,
2.636221440000000,\xC5,,
2.636316800000000,\xDC,,
2.636412160000000,\xD5,,
2.636507520000000,\xDC,,
2.636602880000000,U,,
2.636698240000000,\xDC,,
2.636793760000000,\xC5,,
2.636889120000000,\xDC,,
2.636984480000000,\xD5,,
2.637079840000000,\xDC,,
2.637175200000000,U,,
2.637270560000000,\xDC,,
2.637366080000000,\xC5,,
2.637461440000000,\xDC,,
2.637556800000000,\xD5,,
2.637652160000000,\xDC,,
2.637747520000000,U,,
2.637843040000000,\xDC,,
2.637938400000000,\x05,,
2.638033760000000,\xDC,,
2.638129120000000,\x05,,
2.638224480000000,\x95,,
2.638319840000000,\xEC,,
2.639362720000000, ,,
2.639458240000000,@,,
2.639553600000000,\xD5,,
2.639648960000000,\xC5,,
2.639744320000000,\xEA,,
2.639839680000000,\xD5,,
2.639935200000000,E,,
2.640030560000000,U,,
2.640125920000000,\xA8,,
2.640221280000000,\xC5,,
2.640316640000000,\xDC,,
2.640412000000000,\xD5,,
2.640507520000000,\xDC,,
2.640602880000000,U,,
2.640698240000000,\xDC,,
2.640793600000000,\xC5,,
2.640888960000000,\xDC,,
2.640984480000000,\xD5,,
2.641079840000000,\xDC,,
2.641175200000000,U,,
2.641270560000000,\xDC,,
2.641365920000000,\xC5,,
2.641461280000000,\xDC,,
2.641556800000000,\xD5,,
2.641652160000000,\xDC,,
2.641747520000000,U,,
2.641842880000000,\xDC,,
2.641938240000000,\x05,,
2.642033760000000,\xDC,,
2.642129120000000,\x05,,
2.642224480000000,\x95,,
2.642319840000000,\xEC,,
2.643364160000000, ,,
2.643459680000000,@,,
2.643555040000000,\xD5,,
2.643650400000000,\xC5,,
2.643745760000000,\xEA,,
2.643841120000000,\xD5,,
2.643936480000000,E,,
2.644032000000000,U,,
2.644127360000000,\xA8,,
2.644222720000000,\xC5,,
2.644318080000000,\xDC,,
2.644413440000000,\xD5,,
2.644508960000000,\xDC,,
2.644604320000000,U,,
2.644699680000000,\xDC,,
2.644795040000000,\xC5,,
2.644890400000000,\xDC,,
2.644985760000000,\xD5,,
2.645081280000000,\xDC,,
2.645176640000000,U,,
2.645272000000000,\xDC,,
2.645367360000000,\xC5,,
2.645462720000000,\xDC,,
2.645558240000000,\xD5,,
2.645653600000000,\xDC,,
2.645748960000000,U,,
2.645844320000000,\xDC,,
2.645939680000000,\x05,,
2.646035040000000,\xDC,,
2.646130560000000,\x05,,
2.646225920000000,\x95,,
2.646321280000000,\xEC,,
2.647362720000000, ,,
2.647458080000000,@,,
2.647553440000000,\xD5,,
2.647648800000000,\xC5,,
2.647744160000000,\xEA,,
2.647839520000000,\xD5,,
2.647935040000000,E,,
2.648030400000000,U,,
2.648125760000000,\xA8,,
2.648221120000000,\xC5,,
2.648316480000000,\xDC,,
2.648411840000000,\xD5,,
2.648507360000000,\xDC,,
2.648602720000000,U,,
2.648698080000000,\xDC,,
2.648793440000000,\xC5,,
2.648888800000000,\xDC,,
2.648984320000000,\xD5,,
2.649079680000000,\xDC,,
2.649175040000000,U,,
2.649270400000000,\xDC,,
2.649365760000000,\xC5,,
2.649461120000000,\xDC,,
2.649556640000000,\xD5,,
2.649652000000000,\xDC,,
2.649747360000000,U,,
2.649842720000000,\xDC,,
2.649938080000000,\x05,,
2.650033600000000,\xDC,,
2.650128960000000,\x05,,
2.650224320000000,\x95,,
2.650319680000000,\xEC,,
2.651362560000000, ,,
2.651457920000000,@,,
2.651553280000000,\xD5,,
2.651648800000000,\xC5,,
2.651744160000000,\xEA,,
2.651839520000000,\xD5,,
2.651934880000000,E,,
2.652030240000000,U,,
2.652125760000000,\xA8,,
2.652221120000000,\xC5,,
2.652316480000000,\xDC,,
2.652411840000000,\xD5,,
2.652507200000000,\xDC,,
2.652602560000000,U,,
2.652698080000000,\xDC,,
2.652793440000000,\xC5,,
2.652888800000000,\xDC,,
2.652984160000000,\xD5,,
2.653079520000000,\xDC,,
2.653174880000000,U,,
2.653270400000000,\xDC,,
2.653365760000000,\xC5,,
2.653461120000000,\xDC,,
2.653556480000000,\xD5,,
2.653651840000000,\xDC,,
2.653747360000000,U,,
2.653842720000000,\xDC,,
2.653938080000000,\x05,,
2.654033440000000,\xDC,,
2.654128800000000,\x05,,
2.654224160000000,\x95,,
2.654319680000000,\xEC,,
2.655362560000000, ,,
2.655457920000000,@,,
2.655553280000000,\xD5,,
2.655648640000000,\xC5,,
2.655744160000000,\xEA,,
2.655839520000000,\xD5,,
2.655934880000000,E,,
2.656030240000000,U,,
2.656125600000000,\xA8,,
2.656221120000000,\xC5,,
2.656316480000000,\xDC,,
2.656411840000000,\xD5,,
2.656507200000000,\xDC,,
2.656602560000000,U,,
2.656697920000000,\xDC,,
2.656793440000000,\xC5,,
2.656888800000000,\xDC,,
2.656984160000000,\xD5,,
2.657079520000000,\xDC,,
2.657174880000000,U,,
2.657270240000000,\xDC,,
2.657365760000000,\xC5,,
2.657461120000000,\xDC,,
2.657556480000000,\xD5,,
2.657651840000000,\xDC,,
2.657747200000000,U,,
2.657842720000000,\xDC,,
2.657938080000000,\x05,,
2.658033440000000,\xDC,,
2.658128800000000,\x05,,
2.658224160000000,\x95,,
2.658319520000000,\xEC,,
2.659362400000000, ,,
2.659457760000000,@,,
2.659553280000000,\xD5,,
2.659648640000000,\xC5,,
2.659744000000000,\xEA,,
2.659839360000000,\xD5,,
2.659934720000000,E,,
2.660030240000000,U,,
2.660125600000000,\xA8,,
2.660220960000000,\xC5,,
2.660316320000000,\xDC,,
2.660411680000000,\xD5,,
2.660507040000000,\xDC,,
2.660602560000000,U,,
2.660697920000000,\xDC,,
2.660793280000000,\xC5,,
2.660888640000000,\xDC,,
2.660984000000000,\xD5,,
2.661079360000000,\xDC,,
2.661174880000000,U,,
2.661270240000000,\xDC,,
2.661365600000000,\xC5,,
2.661460960000000,\xDC,,
2.661556320000000,\xD5,,
2.661651840000000,\xDC,,
2.661747200000000,U,,
2.661842560000000,\xDC,,
2.661937920000000,\x05,,
2.662033280000000,\xDC,,
2.662128640000000,\x05,,
2.662224160000000,\x95,,
2.662319520000000,\xEC,,
2.663362400000000, ,,
2.663457760000000,@,,
2.663553120000000,\xD5,,
2.663648480000000,\xC5,,
2.663744000000000,\xEA,,
2.663839360000000,\xD5,,
2.663934720000000,E,,
2.664030080000000,U,,
2.664125440000000,\xA8,,
2.664220800000000,\xC5,,
2.664316320000000,\xDC,,
2.664411680000000,\xD5,,
2.664507040000000,\xDC,,
2.664602400000000,U,,
2.664697760000000,\xDC,,
2.664793280000000,\xC5,,
2.664888640000000,\xDC,,
2.664984000000000,\xD5,,
2.665079360000000,\xDC,,
2.665174720000000,U,,
2.665270080000000,\xDC,,
2.665365600000000,\xC5,,
2.665460960000000,\xDC,,
2.665556320000000,\xD5,,
2.665651680000000,\xDC,,
2.665747040000000,U,,
2.665842560000000,\xDC,,
2.665937920000000,\x05,,
2.666033280000000,\xDC,,
2.666128640000000,\x05,,
2.666224000000000,\x95,,
2.666319360000000,\xEC,,
2.667362240000000, ,,
2.667457760000000,@,,
2.667553120000000,\xD5,,
2.667648480000000,\xC5,,
2.667743840000000,\xEA,,
2.667839200000000,\xD5,,
2.667934560000000,E,,
2.668030080000000,U,,
2.668125440000000,\xA8,,
2.668220800000000,\xC5,,
2.668316160000000,\xDC,,
2.668411520000000,\xD5,,
2.668507040000000,\xDC,,
2.668602400000000,U,,
2.668697760000000,\xDC,,
2.668793120000000,\xC5,,
2.668888480000000,\xDC,,
2.668983840000000,\xD5,,
2.669079360000000,\xDC,,
2.669174720000000,U,,
2.669270080000000,\xDC,,
2.669365440000000,\xC5,,
2.669460800000000,\xDC,,
2.669556320000000,\xD5,,
2.669651680000000,\xDC,,
2.669747040000000,U,,
2.669842400000000,\xDC,,
2.669937760000000,\x05,,
2.670033120000000,\xDC,,
2.670128640000000,\x05,,
2.670224000000000,\x95,,
2.670319360000000,\xEC,,
2.671366880000000, ,,
2.671462240000000,@,,
2.671557600000000,\xD5,,
2.671652960000000,\xC5,,
2.671748320000000,\xEA,,
2.671843680000000,\xD5,,
2.671939200000000,E,,
2.672034560000000,U,,
2.672129920000000,\xA8,,
2.672225280000000,\xC5,,
2.672320640000000,\xDC,,
2.672416160000000,\xD5,,
2.672511520000000,\xDC,,
2.672606880000000,U,,
2.672702240000000,\xDC,,
2.672797600000000,\xC5,,
2.672892960000000,\xDC,,
2.672988480000000,\xD5,,
2.673083840000000,\xDC,,
2.673179200000000,U,,
2.673274560000000,\xDC,,
2.673369920000000,\xC5,,
2.673465440000000,\xDC,,
2.673560800000000,\xD5,,
2.673656160000000,\xDC,,
2.673751520000000,U,,
2.673846880000000,\xDC,,
2.673942400000000,\x05,,
2.674037760000000,\xDC,,
2.674133120000000,\x05,,
2.674228480000000,\x95,,
2.674323840000000,\xEC,,
2.675381120000000, ,,
2.675476480000000,@,,
2.675571840000000,\xD5,,
2.675667200000000,\xC5,,
2.675762560000000,\xEA,,
2.675858080000000,\xD5,,
2.675953440000000,E,,
2.676048800000000,U,,
2.676144160000000,\xA8,,
2.676239520000000,\xC5,,
2.676334880000000,\xDC,,
2.676430400000000,\xD5,,
2.676525760000000,\xDC,,
2.676621120000000,U,,
2.676716480000000,\xDC,,
2.676811840000000,\xC5,,
2.676907360000000,\xDC,,
2.677002720000000,\xD5,,
2.677098080000000,\xDC,,
2.677193440000000,U,,
2.677288800000000,\xDC,,
2.677384160000000,\xC5,,
2.677479680000000,\xDC,,
2.677575040000000,\xD5,,
2.677670400000000,\xDC,,
2.677765760000000,U,,
2.677861120000000,\xDC,,
2.677956640000000,\x05,,
2.678052000000000,\xDC,,
2.678147360000000,\x05,,
2.678242720000000,\x95,,
2.678338080000000,\xEC,,
2.679362080000000, ,,
2.679457440000000,@,,
2.679552960000000,\xD5,,
2.679648320000000,\xC5,,
2.679743680000000,\xEA,,
2.679839040000000,\xD5,,
2.679934400000000,E,,
2.680029920000000,U,,
2.680125280000000,\xA8,,
2.680220640000000,\xC5,,
2.680316000000000,\xDC,,
2.680411360000000,\xD5,,
2.680506720000000,\xDC,,
2.680602240000000,U,,
2.680697600000000,\xDC,,
2.680792960000000,\xC5,,
2.680888320000000,\xDC,,
2.680983680000000,\xD5,,
2.681079200000000,\xDC,,
2.681174560000000,U,,
2.681269920000000,\xDC,,
2.681365280000000,\xC5,,
2.681460640000000,\xDC,,
2.681556000000000,\xD5,,
2.681651520000000,\xDC,,
2.681746880000000,U,,
2.681842240000000,\xDC,,
2.681937600000000,\x05,,
2.682032960000000,\xDC,,
2.682128320000000,\x05,,
2.682223840000000,\x95,,
2.682319200000000,\xEC,,
2.683362080000000, ,,
2.683457440000000,@,,
2.683552800000000,\xD5,,
2.683648160000000,\xC5,,
2.683743520000000,\xEA,,
2.683839040000000,\xD5,,
2.683934400000000,E,,
2.684029760000000,U,,
2.684125120000000,\xA8,,
2.684220480000000,\xC5,,
2.684315840000000,\xDC,,
2.684411360000000,\xD5,,
2.684506720000000,\xDC,,
2.684602080000000,U,,
2.684697440000000,\xDC,,
2.684792800000000,\xC5,,
2.684888320000000,\xDC,,
2.684983680000000,\xD5,,
2.685079040000000,\xDC,,
2.685174400000000,U,,
2.685269760000000,\xDC,,
2.685365120000000,\xC5,,
2.685460640000000,\xDC,,
2.685556000000000,\xD5,,
2.685651360000000,\xDC,,
2.685746720000000,U,,
2.685842080000000,\xDC,,
2.685937440000000,\x05,,
2.686032960000000,\xDC,,
2.686128320000000,\x05,,
2.686223680000000,\x95,,
2.686319040000000,\xEC,,
2.687361920000000, ,,
2.687457280000000,@,,
2.687552800000000,\xD5,,
2.687648160000000,\xC5,,
2.687743520000000,\xEA,,
2.687838880000000,\xD5,,
2.687934240000000,E,,
2.688029600000000,U,,
2.688125120000000,\xA8,,
2.688220480000000,\xC5,,
2.688315840000000,\xDC,,
2.688411200000000,\xD5,,
2.688506560000000,\xDC,,
2.688602080000000,U,,
2.688697440000000,\xDC,,
2.688792800000000,\xC5,,
2.688888160000000,\xDC,,
2.688983520000000,\xD5,,
2.689079040000000,\xDC,,
2.689174400000000,U,,
2.689269760000000,\xDC,,
2.689365120000000,\xC5,,
2.689460480000000,\xDC,,
2.689555840000000,\xD5,,
2.689651360000000,\xDC,,
2.689746720000000,U,,
2.689842080000000,\xDC,,
2.689937440000000,\x05,,
2.690032800000000,\xDC,,
2.690128320000000,\x05,,
2.690223680000000,\x95,,
2.690319040000000,\xEC,,
2.691361920000000, ,,
2.691457280000000,@,,
2.691552640000000,\xD5,,
2.691648000000000,\xC5,,
2.691743520000000,\xEA,,
2.691838880000000,\xD5,,
2.691934240000000,E,,
2.692029600000000,U,,
2.692124960000000,\xA8,,
2.692220320000000,\xC5,,
2.692315840000000,\xDC,,
2.692411200000000,\xD5,,
2.692506560000000,\xDC,,
2.692601920000000,U,,
2.692697280000000,\xDC,,
2.692792800000000,\xC5,,
2.692888160000000,\xDC,,
2.692983520000000,\xD5,,
2.693078880000000,\xDC,,
2.693174240000000,U,,
2.693269600000000,\xDC,,
2.693365120000000,\xC5,,
2.693460480000000,\xDC,,
2.693555840000000,\xD5,,
2.693651200000000,\xDC,,
2.693746560000000,U,,
2.693842080000000,\xDC,,
2.693937440000000,\x05,,
2.694032800000000,\xDC,,
2.694128160000000,\x05,,
2.694223520000000,\x95,,
2.694318880000000,\xEC,,
2.695361760000000, ,,
2.695457280000000,@,,
2.695552640000000,\xD5,,
2.695648000000000,\xC5,,
2.695743360000000,\xEA,,
2.695838720000000,\xD5,,
2.695934080000000,E,,
2.696029600000000,U,,
2.696124960000000,\xA8,,
2.696220320000000,\xC5,,
2.696315680000000,\xDC,,
2.696411040000000,\xD5,,
2.696506560000000,\xDC,,
2.696601920000000,U,,
2.696697280000000,\xDC,,
2.696792640000000,\xC5,,
2.696888000000000,\xDC,,
2.696983360000000,\xD5,,
2.697078880000000,\xDC,,
2.697174240000000,U,,
2.697269600000000,\xDC,,
2.697364960000000,\xC5,,
2.697460320000000,\xDC,,
2.697555680000000,\xD5,,
2.697651200000000,\xDC,,
2.697746560000000,U,,
2.697841920000000,\xDC,,
2.697937280000000,\x05,,
2.698032640000000,\xDC,,
2.698128160000000,\x05,,
2.698223520000000,\x95,,
2.698318880000000,\xEC,,
2.699361760000000, ,,
2.699457120000000,@,,
2.699552480000000,\xD5,,
2.699648000000000,\xC5,,
2.699743360000000,\xEA,,
2.699838720000000,\xD5,,
2.699934080000000,E,,
2.700029440000000,U,,
2.700124800000000,\xA8,,
2.700220320000000,\xC5,,
2.700315680000000,\xDC,,
2.700411040000000,\xD5,,
2.700506400000000,\xDC,,
2.700601760000000,U,,
2.700697120000000,\xDC,,
2.700792640000000,\xC5,,
2.700888000000000,\xDC,,
2.700983360000000,\xD5,,
2.701078720000000,\xDC,,
2.701174080000000,U,,
2.701269600000000,\xDC,,
2.701364960000000,\xC5,,
2.701460320000000,\xDC,,
2.701555680000000,\xD5,,
2.701651040000000,\xDC,,
2.701746400000000,U,,
2.701841920000000,\xDC,,
2.701937280000000,\x05,,
2.702032640000000,\xDC,,
2.702128000000000,\x05,,
2.702223360000000,\x95,,
2.702318880000000,\xEC,,
2.703361760000000, ,,
2.703457120000000,@,,
2.703552480000000,\xD5,,
2.703647840000000,\xC5,,
2.703743200000000,\xEA,,
2.703838720000000,\xD5,,
2.703934080000000,E,,
2.704029440000000,U,,
2.704124800000000,\xA8,,
2.704220160000000,\xC5,,
2.704315680000000,\xDC,,
2.704411040000000,\xD5,,
2.704506400000000,\xDC,,
2.704601760000000,U,,
2.704697120000000,\xDC,,
2.704792480000000,\xC5,,
2.704888000000000,\xDC,,
2.704983360000000,\xD5,,
2.705078720000000,\xDC,,
2.705174080000000,U,,
2.705269440000000,\xDC,,
2.705364960000000,\xC5,,
2.705460320000000,\xDC,,
2.705555680000000,\xD5,,
2.705651040000000,\xDC,,
2.705746400000000,U,,
2.705841760000000,\xDC,,
2.705937280000000,\x05,,
2.706032640000000,\xDC,,
2.706128000000000,\x05,,
2.706223360000000,\x95,,
2.706318720000000,\xEC,,
2.707363200000000, ,,
2.707458560000000,@,,
2.707553920000000,\xD5,,
2.707649280000000,\xC5,,
2.707744640000000,\xEA,,
2.707840160000000,\xD5,,
2.707935520000000,E,,
2.708030880000000,U,,
2.708126240000000,\xA8,,
2.708221600000000,\xC5,,
2.708316960000000,\xDC,,
2.708412480000000,\xD5,,
2.708507840000000,\xDC,,
2.708603200000000,U,,
2.708698560000000,\xDC,,
2.708793920000000,\xC5,,
2.708889440000000,\xDC,,
2.708984800000000,\xD5,,
2.709080160000000,\xDC,,
2.709175520000000,U,,
2.709270880000000,\xDC,,
2.709366240000000,\xC5,,
2.709461760000000,\xDC,,
2.709557120000000,\xD5,,
2.709652480000000,\xDC,,
2.709747840000000,U,,
2.709843200000000,\xDC,,
2.709938720000000,\x05,,
2.710034080000000,\xDC,,
2.710129440000000,\x05,,
2.710224800000000,\x95,,
2.710320160000000,\xEC,,
2.711361600000000, ,,
2.711456960000000,@,,
2.711552320000000,\xD5,,
2.711647680000000,\xC5,,
2.711743040000000,\xEA,,
2.711838560000000,\xD5,,
2.711933920000000,E,,
2.712029280000000,U,,
2.712124640000000,\xA8,,
2.712220000000000,\xC5,,
2.712315360000000,\xDC,,
2.712410880000000,\xD5,,
2.712506240000000,\xDC,,
2.712601600000000,U,,
2.712696960000000,\xDC,,
2.712792320000000,\xC5,,
2.712887840000000,\xDC,,
2.712983200000000,\xD5,,
2.713078560000000,\xDC,,
2.713173920000000,U,,
2.713269280000000,\xDC,,
2.713364640000000,\xC5,,
2.713460160000000,\xDC,,
2.713555520000000,\xD5,,
2.713650880000000,\xDC,,
2.713746240000000,U,,
2.713841600000000,\xDC,,
2.713937120000000,\x05,,
2.714032480000000,\xDC,,
2.714127840000000,\x05,,
2.714223200000000,\x95,,
2.714318560000000,\xEC,,
2.715361440000000, ,,
2.715456960000000,@,,
2.715552320000000,\xD5,,
2.715647680000000,\xC5,,
2.715743040000000,\xEA,,
2.715838400000000,\xD5,,
2.715933920000000,E,,
2.716029280000000,U,,
2.716124640000000,\xA8,,
2.716220000000000,\xC5,,
2.716315360000000,\xDC,,
2.716410720000000,\xD5,,
2.716506240000000,\xDC,,
2.716601600000000,U,,
2.716696960000000,\xDC,,
2.716792320000000,\xC5,,
2.716887680000000,\xDC,,
2.716983200000000,\xD5,,
2.717078560000000,\xDC,,
2.717173920000000,U,,
2.717269280000000,\xDC,,
2.717364640000000,\xC5,,
2.717460000000000,\xDC,,
2.717555520000000,\xD5,,
2.717650880000000,\xDC,,
2.717746240000000,U,,
2.717841600000000,\xDC,,
2.717936960000000,\x05,,
2.718032320000000,\xDC,,
2.718127840000000,\x05,,
2.718223200000000,\x95,,
2.718318560000000,\xEC,,
2.719361440000000, ,,
2.719456800000000,@,,
2.719552160000000,\xD5,,
2.719647680000000,\xC5,,
2.719743040000000,\xEA,,
2.719838400000000,\xD5,,
2.719933760000000,E,,
2.720029120000000,U,,
2.720124480000000,\xA8,,
2.720220000000000,\xC5,,
2.720315360000000,\xDC,,
2.720410720000000,\xD5,,
2.720506080000000,\xDC,,
2.720601440000000,U,,
2.720696960000000,\xDC,,
2.720792320000000,\xC5,,
2.720887680000000,\xDC,,
2.720983040000000,\xD5,,
2.721078400000000,\xDC,,
2.721173760000000,U,,
2.721269280000000,\xDC,,
2.721364640000000,\xC5,,
2.721460000000000,\xDC,,
2.721555360000000,\xD5,,
2.721650720000000,\xDC,,
2.721746240000000,U,,
2.721841600000000,\xDC,,
2.721936960000000,\x05,,
2.722032320000000,\xDC,,
2.722127680000000,\x05,,
2.722223040000000,\x95,,
2.722318560000000,\xEC,,
2.723364800000000, ,,
2.723460160000000,@,,
2.723555520000000,\xD5,,
2.723650880000000,\xC5,,
2.723746240000000,\xEA,,
2.723841760000000,\xD5,,
2.723937120000000,E,,
2.724032480000000,U,,
2.724127840000000,\xA8,,
2.724223200000000,\xC5,,
2.724318560000000,\xDC,,
2.724414080000000,\xD5,,
2.724509440000000,\xDC,,
2.724604800000000,U,,
2.724700160000000,\xDC,,
2.724795520000000,\xC5,,
2.724891040000000,\xDC,,
2.724986400000000,\xD5,,
2.725081760000000,\xDC,,
2.725177120000000,U,,
2.725272480000000,\xDC,,
2.725367840000000,\xC5,,
2.725463360000000,\xDC,,
2.725558720000000,\xD5,,
2.725654080000000,\xDC,,
2.725749440000000,U,,
2.725844800000000,\xDC,,
2.725940320000000,\x05,,
2.726035680000000,\xDC,,
2.726131040000000,\x05,,
