CMAC=-35.363261,149.165230,584,353
CMAC_PILOTSBOX=-35.362734,149.165300,586,270
Kingaroy=-26.583528,151.840440,444,169
AVC=40.0713749,-105.2297889,1583.702759,246
McMillan=35.7168007,-120.7644466,275,295
