OSRF0=37.4003371,-122.0800351,0,353
OSRF0_PILOTSBOX=37.4003371,-122.0800351,2,270
CMAC=-35.363261,149.165230,584,353
CMAC_South=-35.363261,149.165230,584,173
CMAC_PILOTSBOX=-35.362734,149.165300,586,270
Kingaroy=-26.583528,151.840440,444,169
AVC=40.0713749,-105.2297889,1583.702759,246
AVC_copter=40.072842,-105.230575,1586,0
AVC_plane=40.072842,-105.230575,1586,80
McMillan=35.718719,-120.769818,275,295
McMillan_East=35.7168007,-120.7644466,275,295
TomCarpark=26.048950,-80.254219,6,270
Ballarat=-37.598705,143.881744,485,165
3DRBerkeley=37.872991,-122.302348,20,260
BMAC=-35.226343,149.132122,588,301
LGAT=37.889063,23.731863,21,330
BHV=53.547767,8.626440,0,324
QMAC=-35.363724,149.430011,740,312
Karuizawa=36.324306,138.639282,938,0
Dalby=-27.274439,151.290064,343,8.7
RFRanch=37.118079,-2.773690,1297.88,180
KSFO=37.619373,-122.376637,5.3,118
NFSC=53.637561,9.929800,13,345
Rotherham=53.275131,-1.19404,21,360
LeeField=32.42553,-84.79109,75,260
Sterling=38.982480,-77.439567,88,90
