CMAC=-35.363261,149.165230,584,353
CMAC_South=-35.363261,149.165230,584,173
CMAC_PILOTSBOX=-35.362734,149.165300,586,270
Kingaroy=-26.583528,151.840440,444,169
AVC=40.0713749,-105.2297889,1583.702759,246
AVC_copter=40.072842,-105.230575,1586,0
AVC_plane=40.072842,-105.230575,1586,80
McMillan=35.7168007,-120.7644466,275,295
TomCarpark=26.048950,-80.254219,6,270
Ballarat=-37.598705,143.881744,485,165
3DRBerkeley=37.872991,-122.302348,20,260
BMAC=-35.226343,149.132122,588,301

